Snow depth [cm],Date
40,2004-01-01
40,2004-01-02
40,2004-01-03
40,2004-01-04
40,2004-01-05
40,2004-01-06
40,2004-01-07
40,2004-01-08
40,2004-01-09
40,2004-01-10
41,2004-01-11
40,2004-01-12
41,2004-01-13
41,2004-01-14
41,2004-01-15
41,2004-01-16
45,2004-01-17
44,2004-01-18
49,2004-01-19
48,2004-01-20
49,2004-01-21
48,2004-01-22
48,2004-01-23
47,2004-01-24
47,2004-01-25
46,2004-01-26
46,2004-01-27
47,2004-01-28
48,2004-01-29
48,2004-01-30
48,2004-01-31
51,2004-02-01
53,2004-02-02
57,2004-02-03
58,2004-02-04
59,2004-02-05
58,2004-02-06
59,2004-02-07
58,2004-02-08
59,2004-02-09
60,2004-02-10
60,2004-02-11
59,2004-02-12
59,2004-02-13
61,2004-02-14
64,2004-02-15
64,2004-02-16
64,2004-02-17
64,2004-02-18
64,2004-02-19
65,2004-02-20
61,2004-02-21
61,2004-02-22
61,2004-02-23
61,2004-02-24
61,2004-02-25
61,2004-02-26
62,2004-02-27
62,2004-02-28
62,2004-02-29
63,2004-03-01
68,2004-03-02
69,2004-03-03
68,2004-03-04
66,2004-03-05
66,2004-03-06
66,2004-03-07
66,2004-03-08
65,2004-03-09
64,2004-03-10
64,2004-03-11
63,2004-03-12
63,2004-03-13
63,2004-03-14
63,2004-03-15
72,2004-03-16
73,2004-03-17
72,2004-03-18
71,2004-03-19
70,2004-03-20
69,2004-03-21
69,2004-03-22
68,2004-03-23
68,2004-03-24
68,2004-03-25
68,2004-03-26
68,2004-03-27
68,2004-03-28
69,2004-03-29
69,2004-03-30
70,2004-03-31
69,2004-04-01
68,2004-04-02
68,2004-04-03
68,2004-04-04
65,2004-04-05
64,2004-04-06
61,2004-04-07
59,2004-04-08
56,2004-04-09
58,2004-04-10
55,2004-04-11
57,2004-04-12
55,2004-04-13
54,2004-04-14
54,2004-04-15
53,2004-04-16
49,2004-04-17
47,2004-04-18
44,2004-04-19
45,2004-04-20
51,2004-04-21
49,2004-04-22
45,2004-04-23
45,2004-04-24
44,2004-04-25
42,2004-04-26
42,2004-04-27
37,2004-04-28
35,2004-04-29
30,2004-04-30
27,2004-05-01
25,2004-05-02
21,2004-05-03
14,2004-05-04
0,2004-05-05
0,2004-05-06
-1,2004-05-07
-1,2004-05-08
-1,2004-05-09
0,2004-05-10
0,2004-05-11
-1,2004-05-12
4,2004-05-13
2,2004-05-14
10,2004-05-15
5,2004-05-16
0,2004-05-17
0,2004-05-18
-1,2004-05-19
-1,2004-05-20
-1,2004-05-21
-1,2004-05-22
0,2004-05-23
-1,2004-05-24
-1,2004-05-25
-1,2004-05-26
-1,2004-05-27
-1,2004-05-28
-1,2004-05-29
-1,2004-05-30
-1,2004-05-31
-1,2004-06-01
-1,2004-06-02
-1,2004-06-03
-1,2004-06-04
-1,2004-06-05
-1,2004-06-06
0,2004-06-07
-1,2004-06-08
-1,2004-06-09
-1,2004-06-10
-1,2004-06-11
-1,2004-06-12
-1,2004-06-13
-1,2004-06-14
-1,2004-06-15
-1,2004-06-16
-1,2004-06-17
-1,2004-06-18
-1,2004-06-19
-1,2004-06-20
-1,2004-06-21
-1,2004-06-22
-1,2004-06-23
-1,2004-06-24
-1,2004-06-25
-1,2004-06-26
-1,2004-06-27
-1,2004-06-28
-1,2004-06-29
-1,2004-06-30
-1,2004-07-01
-1,2004-07-02
-1,2004-07-03
-1,2004-07-04
-1,2004-07-05
-1,2004-07-06
-1,2004-07-07
-1,2004-07-08
-1,2004-07-09
-1,2004-07-10
-1,2004-07-11
-1,2004-07-12
-1,2004-07-13
-1,2004-07-14
-1,2004-07-15
-1,2004-07-16
-1,2004-07-17
-1,2004-07-18
-1,2004-07-19
-1,2004-07-20
-1,2004-07-21
-1,2004-07-22
-1,2004-07-23
-1,2004-07-24
-1,2004-07-25
-1,2004-07-26
-1,2004-07-27
-1,2004-07-28
-1,2004-07-29
-1,2004-07-30
-1,2004-07-31
-1,2004-08-01
-1,2004-08-02
-1,2004-08-03
-1,2004-08-04
-1,2004-08-05
-1,2004-08-06
-1,2004-08-07
-1,2004-08-08
-1,2004-08-09
-1,2004-08-10
-1,2004-08-11
-1,2004-08-12
-1,2004-08-13
-1,2004-08-14
-1,2004-08-15
-1,2004-08-16
-1,2004-08-17
-1,2004-08-18
-1,2004-08-19
-1,2004-08-20
-1,2004-08-21
-1,2004-08-22
-1,2004-08-23
-1,2004-08-24
-1,2004-08-25
-1,2004-08-26
-1,2004-08-27
-1,2004-08-28
-1,2004-08-29
-1,2004-08-30
-1,2004-08-31
-1,2004-09-01
-1,2004-09-02
-1,2004-09-03
-1,2004-09-04
-1,2004-09-05
-1,2004-09-06
-1,2004-09-07
-1,2004-09-08
-1,2004-09-09
-1,2004-09-10
-1,2004-09-11
-1,2004-09-12
-1,2004-09-13
-1,2004-09-14
-1,2004-09-15
-1,2004-09-16
-1,2004-09-17
-1,2004-09-18
-1,2004-09-19
-1,2004-09-20
-1,2004-09-21
-1,2004-09-22
-1,2004-09-23
-1,2004-09-24
-1,2004-09-25
-1,2004-09-26
-1,2004-09-27
-1,2004-09-28
-1,2004-09-29
-1,2004-09-30
-1,2004-10-01
-1,2004-10-02
-1,2004-10-03
-1,2004-10-04
-1,2004-10-05
-1,2004-10-06
-1,2004-10-07
-1,2004-10-08
-1,2004-10-09
-1,2004-10-10
-1,2004-10-11
-1,2004-10-12
-1,2004-10-13
-1,2004-10-14
-1,2004-10-15
-1,2004-10-16
1,2004-10-17
0,2004-10-18
1,2004-10-19
1,2004-10-20
1,2004-10-21
8,2004-10-22
15,2004-10-23
17,2004-10-24
16,2004-10-25
15,2004-10-26
14,2004-10-27
16,2004-10-28
15,2004-10-29
15,2004-10-30
15,2004-10-31
18,2004-11-01
17,2004-11-02
12,2004-11-03
9,2004-11-04
8,2004-11-05
8,2004-11-06
8,2004-11-07
8,2004-11-08
8,2004-11-09
8,2004-11-10
7,2004-11-11
2,2004-11-12
2,2004-11-13
3,2004-11-14
8,2004-11-15
16,2004-11-16
16,2004-11-17
16,2004-11-18
16,2004-11-19
16,2004-11-20
16,2004-11-21
14,2004-11-22
14,2004-11-23
14,2004-11-24
21,2004-11-25
34,2004-11-26
32,2004-11-27
30,2004-11-28
30,2004-11-29
28,2004-11-30
28,2004-12-01
28,2004-12-02
28,2004-12-03
28,2004-12-04
28,2004-12-05
27,2004-12-06
27,2004-12-07
27,2004-12-08
28,2004-12-09
29,2004-12-10
30,2004-12-11
30,2004-12-12
30,2004-12-13
30,2004-12-14
31,2004-12-15
31,2004-12-16
34,2004-12-17
37,2004-12-18
39,2004-12-19
44,2004-12-20
52,2004-12-21
50,2004-12-22
47,2004-12-23
52,2004-12-24
55,2004-12-25
56,2004-12-26
58,2004-12-27
56,2004-12-28
53,2004-12-29
53,2004-12-30
52,2004-12-31
53,2005-01-01
53,2005-01-02
53,2005-01-03
54,2005-01-04
52,2005-01-05
56,2005-01-06
55,2005-01-07
57,2005-01-08
57,2005-01-09
57,2005-01-10
56,2005-01-11
60,2005-01-12
61,2005-01-13
61,2005-01-14
61,2005-01-15
61,2005-01-16
63,2005-01-17
61,2005-01-18
61,2005-01-19
61,2005-01-20
62,2005-01-21
61,2005-01-22
61,2005-01-23
61,2005-01-24
62,2005-01-25
63,2005-01-26
65,2005-01-27
65,2005-01-28
65,2005-01-29
67,2005-01-30
69,2005-01-31
70,2005-02-01
67,2005-02-02
67,2005-02-03
67,2005-02-04
66,2005-02-05
66,2005-02-06
65,2005-02-07
65,2005-02-08
64,2005-02-09
64,2005-02-10
64,2005-02-11
64,2005-02-12
64,2005-02-13
64,2005-02-14
64,2005-02-15
63,2005-02-16
64,2005-02-17
63,2005-02-18
63,2005-02-19
63,2005-02-20
63,2005-02-21
63,2005-02-22
63,2005-02-23
63,2005-02-24
65,2005-02-25
65,2005-02-26
64,2005-02-27
64,2005-02-28
64,2005-03-01
64,2005-03-02
66,2005-03-03
66,2005-03-04
66,2005-03-05
66,2005-03-06
67,2005-03-07
70,2005-03-08
69,2005-03-09
68,2005-03-10
67,2005-03-11
67,2005-03-12
67,2005-03-13
67,2005-03-14
67,2005-03-15
67,2005-03-16
67,2005-03-17
70,2005-03-18
70,2005-03-19
69,2005-03-20
68,2005-03-21
68,2005-03-22
68,2005-03-23
68,2005-03-24
67,2005-03-25
67,2005-03-26
67,2005-03-27
67,2005-03-28
68,2005-03-29
68,2005-03-30
65,2005-03-31
64,2005-04-01
62,2005-04-02
62,2005-04-03
63,2005-04-04
62,2005-04-05
66,2005-04-06
63,2005-04-07
65,2005-04-08
68,2005-04-09
65,2005-04-10
70,2005-04-11
73,2005-04-12
71,2005-04-13
71,2005-04-14
70,2005-04-15
69,2005-04-16
71,2005-04-17
70,2005-04-18
70,2005-04-19
70,2005-04-20
69,2005-04-21
69,2005-04-22
69,2005-04-23
67,2005-04-24
63,2005-04-25
62,2005-04-26
59,2005-04-27
59,2005-04-28
58,2005-04-29
58,2005-04-30
58,2005-05-01
58,2005-05-02
58,2005-05-03
57,2005-05-04
55,2005-05-05
58,2005-05-06
59,2005-05-07
55,2005-05-08
57,2005-05-09
67,2005-05-10
56,2005-05-11
55,2005-05-12
51,2005-05-13
46,2005-05-14
42,2005-05-15
38,2005-05-16
35,2005-05-17
30,2005-05-18
25,2005-05-19
20,2005-05-20
10,2005-05-21
0,2005-05-22
0,2005-05-23
0,2005-05-24
-1,2005-05-25
-1,2005-05-26
-1,2005-05-27
-1,2005-05-28
-1,2005-05-29
-1,2005-05-30
-1,2005-05-31
-1,2005-06-01
-1,2005-06-02
-1,2005-06-03
-1,2005-06-04
-1,2005-06-05
-1,2005-06-06
-1,2005-06-07
-1,2005-06-08
-1,2005-06-09
-1,2005-06-10
-1,2005-06-11
-1,2005-06-12
-1,2005-06-13
-1,2005-06-14
-1,2005-06-15
-1,2005-06-16
-1,2005-06-17
-1,2005-06-18
-1,2005-06-19
-1,2005-06-20
-1,2005-06-21
-1,2005-06-22
-1,2005-06-23
-1,2005-06-24
-1,2005-06-25
-1,2005-06-26
-1,2005-06-27
-1,2005-06-28
-1,2005-06-29
-1,2005-06-30
-1,2005-07-01
-1,2005-07-02
-1,2005-07-03
-1,2005-07-04
-1,2005-07-05
-1,2005-07-06
-1,2005-07-07
-1,2005-07-08
-1,2005-07-09
-1,2005-07-10
-1,2005-07-11
-1,2005-07-12
-1,2005-07-13
-1,2005-07-14
-1,2005-07-15
-1,2005-07-16
-1,2005-07-17
-1,2005-07-18
-1,2005-07-19
-1,2005-07-20
-1,2005-07-21
-1,2005-07-22
-1,2005-07-23
-1,2005-07-24
-1,2005-07-25
-1,2005-07-26
-1,2005-07-27
-1,2005-07-28
-1,2005-07-29
-1,2005-07-30
-1,2005-07-31
-1,2005-08-01
-1,2005-08-02
-1,2005-08-03
-1,2005-08-04
-1,2005-08-05
-1,2005-08-06
-1,2005-08-07
-1,2005-08-08
-1,2005-08-09
-1,2005-08-10
-1,2005-08-11
-1,2005-08-12
-1,2005-08-13
-1,2005-08-14
-1,2005-08-15
-1,2005-08-16
-1,2005-08-17
-1,2005-08-18
-1,2005-08-19
-1,2005-08-20
-1,2005-08-21
-1,2005-08-22
-1,2005-08-23
-1,2005-08-24
-1,2005-08-25
-1,2005-08-26
-1,2005-08-27
-1,2005-08-28
-1,2005-08-29
-1,2005-08-30
-1,2005-08-31
-1,2005-09-01
-1,2005-09-02
-1,2005-09-03
-1,2005-09-04
-1,2005-09-05
-1,2005-09-06
-1,2005-09-07
-1,2005-09-08
-1,2005-09-09
-1,2005-09-10
-1,2005-09-11
-1,2005-09-12
-1,2005-09-13
-1,2005-09-14
-1,2005-09-15
-1,2005-09-16
0,2005-09-17
0,2005-09-18
-1,2005-09-19
-1,2005-09-20
-1,2005-09-21
0,2005-09-22
-1,2005-09-23
-1,2005-09-24
-1,2005-09-25
-1,2005-09-26
-1,2005-09-27
-1,2005-09-28
-1,2005-09-29
-1,2005-09-30
-1,2005-10-01
-1,2005-10-02
-1,2005-10-03
-1,2005-10-04
-1,2005-10-05
-1,2005-10-06
-1,2005-10-07
-1,2005-10-08
-1,2005-10-09
-1,2005-10-10
-1,2005-10-11
-1,2005-10-12
-1,2005-10-13
-1,2005-10-14
-1,2005-10-15
-1,2005-10-16
0,2005-10-17
0,2005-10-18
0,2005-10-19
10,2005-10-20
14,2005-10-21
22,2005-10-22
26,2005-10-23
22,2005-10-24
20,2005-10-25
19,2005-10-26
19,2005-10-27
19,2005-10-28
13,2005-10-29
0,2005-10-30
0,2005-10-31
-1,2005-11-01
-1,2005-11-02
-1,2005-11-03
-1,2005-11-04
-1,2005-11-05
3,2005-11-06
4,2005-11-07
4,2005-11-08
0,2005-11-09
-1,2005-11-10
-1,2005-11-11
0,2005-11-12
3,2005-11-13
4,2005-11-14
4,2005-11-15
3,2005-11-16
3,2005-11-17
9,2005-11-18
9,2005-11-19
13,2005-11-20
13,2005-11-21
13,2005-11-22
13,2005-11-23
13,2005-11-24
12,2005-11-25
12,2005-11-26
13,2005-11-27
13,2005-11-28
16,2005-11-29
19,2005-11-30
20,2005-12-01
20,2005-12-02
19,2005-12-03
18,2005-12-04
18,2005-12-05
19,2005-12-06
19,2005-12-07
19,2005-12-08
20,2005-12-09
21,2005-12-10
20,2005-12-11
23,2005-12-12
24,2005-12-13
24,2005-12-14
26,2005-12-15
27,2005-12-16
33,2005-12-17
35,2005-12-18
37,2005-12-19
37,2005-12-20
34,2005-12-21
24,2005-12-22
34,2005-12-23
34,2005-12-24
37,2005-12-25
36,2005-12-26
36,2005-12-27
36,2005-12-28
36,2005-12-29
36,2005-12-30
37,2005-12-31
38,2006-01-01
40,2006-01-02
40,2006-01-03
41,2006-01-04
41,2006-01-05
40,2006-01-06
39,2006-01-07
38,2006-01-08
38,2006-01-09
38,2006-01-10
38,2006-01-11
40,2006-01-12
40,2006-01-13
40,2006-01-14
40,2006-01-15
40,2006-01-16
40,2006-01-17
40,2006-01-18
40,2006-01-19
40,2006-01-20
40,2006-01-21
40,2006-01-22
40,2006-01-23
40,2006-01-24
40,2006-01-25
42,2006-01-26
42,2006-01-27
43,2006-01-28
43,2006-01-29
43,2006-01-30
43,2006-01-31
45,2006-02-01
52,2006-02-02
53,2006-02-03
54,2006-02-04
53,2006-02-05
51,2006-02-06
51,2006-02-07
51,2006-02-08
51,2006-02-09
51,2006-02-10
51,2006-02-11
50,2006-02-12
50,2006-02-13
51,2006-02-14
51,2006-02-15
51,2006-02-16
50,2006-02-17
51,2006-02-18
51,2006-02-19
52,2006-02-20
52,2006-02-21
54,2006-02-22
56,2006-02-23
55,2006-02-24
55,2006-02-25
55,2006-02-26
54,2006-02-27
54,2006-02-28
54,2006-03-01
54,2006-03-02
54,2006-03-03
54,2006-03-04
54,2006-03-05
55,2006-03-06
55,2006-03-07
57,2006-03-08
57,2006-03-09
59,2006-03-10
64,2006-03-11
62,2006-03-12
61,2006-03-13
60,2006-03-14
59,2006-03-15
59,2006-03-16
58,2006-03-17
60,2006-03-18
66,2006-03-19
64,2006-03-20
65,2006-03-21
68,2006-03-22
69,2006-03-23
71,2006-03-24
70,2006-03-25
70,2006-03-26
70,2006-03-27
69,2006-03-28
68,2006-03-29
67,2006-03-30
67,2006-03-31
69,2006-04-01
76,2006-04-02
75,2006-04-03
74,2006-04-04
77,2006-04-05
75,2006-04-06
78,2006-04-07
75,2006-04-08
73,2006-04-09
73,2006-04-10
68,2006-04-11
67,2006-04-12
65,2006-04-13
63,2006-04-14
62,2006-04-15
63,2006-04-16
62,2006-04-17
60,2006-04-18
57,2006-04-19
55,2006-04-20
50,2006-04-21
49,2006-04-22
48,2006-04-23
48,2006-04-24
45,2006-04-25
36,2006-04-26
30,2006-04-27
20,2006-04-28
15,2006-04-29
0,2006-04-30
0,2006-05-01
0,2006-05-02
0,2006-05-03
0,2006-05-04
-1,2006-05-05
-1,2006-05-06
-1,2006-05-07
-1,2006-05-08
-1,2006-05-09
-1,2006-05-10
-1,2006-05-11
0,2006-05-12
-1,2006-05-13
10,2006-05-14
13,2006-05-15
11,2006-05-16
9,2006-05-17
6,2006-05-18
0,2006-05-19
-1,2006-05-20
-1,2006-05-21
-1,2006-05-22
-1,2006-05-23
-1,2006-05-24
-1,2006-05-25
-1,2006-05-26
-1,2006-05-27
-1,2006-05-28
-1,2006-05-29
-1,2006-05-30
-1,2006-05-31
-1,2006-06-01
-1,2006-06-02
-1,2006-06-03
-1,2006-06-04
-1,2006-06-05
-1,2006-06-06
-1,2006-06-07
-1,2006-06-08
-1,2006-06-09
-1,2006-06-10
-1,2006-06-11
-1,2006-06-12
-1,2006-06-13
-1,2006-06-14
-1,2006-06-15
-1,2006-06-16
-1,2006-06-17
-1,2006-06-18
-1,2006-06-19
-1,2006-06-20
-1,2006-06-21
-1,2006-06-22
-1,2006-06-23
-1,2006-06-24
-1,2006-06-25
-1,2006-06-26
-1,2006-06-27
-1,2006-06-28
-1,2006-06-29
-1,2006-06-30
-1,2006-07-01
-1,2006-07-02
-1,2006-07-03
-1,2006-07-04
-1,2006-07-05
-1,2006-07-06
-1,2006-07-07
-1,2006-07-08
-1,2006-07-09
-1,2006-07-10
-1,2006-07-11
-1,2006-07-12
-1,2006-07-13
-1,2006-07-14
-1,2006-07-15
-1,2006-07-16
-1,2006-07-17
-1,2006-07-18
-1,2006-07-19
-1,2006-07-20
-1,2006-07-21
-1,2006-07-22
-1,2006-07-23
-1,2006-07-24
-1,2006-07-25
-1,2006-07-26
-1,2006-07-27
-1,2006-07-28
-1,2006-07-29
-1,2006-07-30
-1,2006-07-31
-1,2006-08-01
-1,2006-08-02
-1,2006-08-03
-1,2006-08-04
-1,2006-08-05
-1,2006-08-06
-1,2006-08-07
-1,2006-08-08
-1,2006-08-09
-1,2006-08-10
-1,2006-08-11
-1,2006-08-12
-1,2006-08-13
-1,2006-08-14
-1,2006-08-15
-1,2006-08-16
-1,2006-08-17
-1,2006-08-18
-1,2006-08-19
-1,2006-08-20
-1,2006-08-21
-1,2006-08-22
-1,2006-08-23
-1,2006-08-24
-1,2006-08-25
-1,2006-08-26
-1,2006-08-27
-1,2006-08-28
-1,2006-08-29
-1,2006-08-30
-1,2006-08-31
-1,2006-09-01
-1,2006-09-02
-1,2006-09-03
-1,2006-09-04
-1,2006-09-05
-1,2006-09-06
-1,2006-09-07
-1,2006-09-08
-1,2006-09-09
-1,2006-09-10
-1,2006-09-11
-1,2006-09-12
-1,2006-09-13
-1,2006-09-14
-1,2006-09-15
-1,2006-09-16
-1,2006-09-17
-1,2006-09-18
-1,2006-09-19
-1,2006-09-20
8,2006-09-21
8,2006-09-22
1,2006-09-23
1,2006-09-24
0,2006-09-25
0,2006-09-26
0,2006-09-27
0,2006-09-28
0,2006-09-29
-1,2006-09-30
-1,2006-10-01
-1,2006-10-02
-1,2006-10-03
-1,2006-10-04
-1,2006-10-05
-1,2006-10-06
-1,2006-10-07
-1,2006-10-08
0,2006-10-09
-1,2006-10-10
-1,2006-10-11
-1,2006-10-12
-1,2006-10-13
-1,2006-10-14
-1,2006-10-15
-1,2006-10-16
-1,2006-10-17
3,2006-10-18
3,2006-10-19
3,2006-10-20
3,2006-10-21
5,2006-10-22
5,2006-10-23
5,2006-10-24
5,2006-10-25
9,2006-10-26
9,2006-10-27
10,2006-10-28
10,2006-10-29
10,2006-10-30
9,2006-10-31
10,2006-11-01
9,2006-11-02
9,2006-11-03
9,2006-11-04
9,2006-11-05
9,2006-11-06
9,2006-11-07
10,2006-11-08
10,2006-11-09
11,2006-11-10
11,2006-11-11
11,2006-11-12
11,2006-11-13
11,2006-11-14
12,2006-11-15
12,2006-11-16
12,2006-11-17
13,2006-11-18
12,2006-11-19
13,2006-11-20
14,2006-11-21
13,2006-11-22
11,2006-11-23
11,2006-11-24
12,2006-11-25
10,2006-11-26
7,2006-11-27
7,2006-11-28
7,2006-11-29
13,2006-11-30
13,2006-12-01
14,2006-12-02
18,2006-12-03
20,2006-12-04
25,2006-12-05
25,2006-12-06
27,2006-12-07
27,2006-12-08
28,2006-12-09
21,2006-12-10
21,2006-12-11
25,2006-12-12
24,2006-12-13
23,2006-12-14
23,2006-12-15
23,2006-12-16
23,2006-12-17
24,2006-12-18
24,2006-12-19
24,2006-12-20
27,2006-12-21
24,2006-12-22
24,2006-12-23
24,2006-12-24
24,2006-12-25
25,2006-12-26
26,2006-12-27
29,2006-12-28
34,2006-12-29
34,2006-12-30
33,2006-12-31
38,2007-01-01
38,2007-01-02
40,2007-01-03
40,2007-01-04
41,2007-01-05
42,2007-01-06
41,2007-01-07
42,2007-01-08
42,2007-01-09
45,2007-01-10
53,2007-01-11
52,2007-01-12
52,2007-01-13
50,2007-01-14
50,2007-01-15
50,2007-01-16
55,2007-01-17
55,2007-01-18
55,2007-01-19
54,2007-01-20
56,2007-01-21
55,2007-01-22
55,2007-01-23
55,2007-01-24
55,2007-01-25
60,2007-01-26
64,2007-01-27
72,2007-01-28
68,2007-01-29
65,2007-01-30
64,2007-01-31
63,2007-02-01
64,2007-02-02
70,2007-02-03
80,2007-02-04
78,2007-02-05
76,2007-02-06
75,2007-02-07
74,2007-02-08
73,2007-02-09
72,2007-02-10
71,2007-02-11
71,2007-02-12
70,2007-02-13
70,2007-02-14
70,2007-02-15
70,2007-02-16
71,2007-02-17
71,2007-02-18
72,2007-02-19
72,2007-02-20
72,2007-02-21
72,2007-02-22
71,2007-02-23
71,2007-02-24
73,2007-02-25
75,2007-02-26
77,2007-02-27
75,2007-02-28
75,2007-03-01
74,2007-03-02
75,2007-03-03
74,2007-03-04
74,2007-03-05
73,2007-03-06
73,2007-03-07
72,2007-03-08
75,2007-03-09
78,2007-03-10
79,2007-03-11
78,2007-03-12
77,2007-03-13
76,2007-03-14
76,2007-03-15
81,2007-03-16
80,2007-03-17
80,2007-03-18
80,2007-03-19
83,2007-03-20
82,2007-03-21
80,2007-03-22
79,2007-03-23
78,2007-03-24
76,2007-03-25
74,2007-03-26
71,2007-03-27
69,2007-03-28
67,2007-03-29
65,2007-03-30
65,2007-03-31
65,2007-04-01
64,2007-04-02
65,2007-04-03
65,2007-04-04
72,2007-04-05
72,2007-04-06
72,2007-04-07
72,2007-04-08
70,2007-04-09
70,2007-04-10
68,2007-04-11
74,2007-04-12
69,2007-04-13
68,2007-04-14
63,2007-04-15
58,2007-04-16
53,2007-04-17
50,2007-04-18
50,2007-04-19
49,2007-04-20
48,2007-04-21
48,2007-04-22
44,2007-04-23
49,2007-04-24
43,2007-04-25
41,2007-04-26
37,2007-04-27
38,2007-04-28
38,2007-04-29
38,2007-04-30
37,2007-05-01
38,2007-05-02
37,2007-05-03
35,2007-05-04
34,2007-05-05
32,2007-05-06
29,2007-05-07
25,2007-05-08
19,2007-05-09
17,2007-05-10
17,2007-05-11
20,2007-05-12
20,2007-05-13
15,2007-05-14
0,2007-05-15
0,2007-05-16
0,2007-05-17
0,2007-05-18
0,2007-05-19
-1,2007-05-20
-1,2007-05-21
-1,2007-05-22
-1,2007-05-23
-1,2007-05-24
-1,2007-05-25
-1,2007-05-26
-1,2007-05-27
-1,2007-05-28
-1,2007-05-29
-1,2007-05-30
-1,2007-05-31
-1,2007-06-01
-1,2007-06-02
-1,2007-06-03
-1,2007-06-04
-1,2007-06-05
-1,2007-06-06
-1,2007-06-07
-1,2007-06-08
-1,2007-06-09
-1,2007-06-10
-1,2007-06-11
-1,2007-06-12
-1,2007-06-13
-1,2007-06-14
-1,2007-06-15
-1,2007-06-16
-1,2007-06-17
-1,2007-06-18
-1,2007-06-19
-1,2007-06-20
-1,2007-06-21
-1,2007-06-22
-1,2007-06-23
-1,2007-06-24
-1,2007-06-25
-1,2007-06-26
-1,2007-06-27
-1,2007-06-28
-1,2007-06-29
-1,2007-06-30
-1,2007-07-01
-1,2007-07-02
-1,2007-07-03
-1,2007-07-04
-1,2007-07-05
-1,2007-07-06
-1,2007-07-07
-1,2007-07-08
-1,2007-07-09
-1,2007-07-10
-1,2007-07-11
-1,2007-07-12
-1,2007-07-13
-1,2007-07-14
-1,2007-07-15
-1,2007-07-16
-1,2007-07-17
-1,2007-07-18
-1,2007-07-19
-1,2007-07-20
-1,2007-07-21
-1,2007-07-22
-1,2007-07-23
-1,2007-07-24
-1,2007-07-25
-1,2007-07-26
-1,2007-07-27
-1,2007-07-28
-1,2007-07-29
-1,2007-07-30
-1,2007-07-31
-1,2007-08-01
-1,2007-08-02
-1,2007-08-03
-1,2007-08-04
-1,2007-08-05
-1,2007-08-06
-1,2007-08-07
-1,2007-08-08
-1,2007-08-09
-1,2007-08-10
-1,2007-08-11
-1,2007-08-12
-1,2007-08-13
-1,2007-08-14
-1,2007-08-15
-1,2007-08-16
-1,2007-08-17
-1,2007-08-18
-1,2007-08-19
-1,2007-08-20
-1,2007-08-21
-1,2007-08-22
-1,2007-08-23
-1,2007-08-24
-1,2007-08-25
-1,2007-08-26
-1,2007-08-27
-1,2007-08-28
-1,2007-08-29
-1,2007-08-30
-1,2007-08-31
-1,2007-09-01
-1,2007-09-02
-1,2007-09-03
-1,2007-09-04
-1,2007-09-05
-1,2007-09-06
-1,2007-09-07
-1,2007-09-08
-1,2007-09-09
-1,2007-09-10
-1,2007-09-11
-1,2007-09-12
-1,2007-09-13
-1,2007-09-14
-1,2007-09-15
-1,2007-09-16
-1,2007-09-17
-1,2007-09-18
-1,2007-09-19
-1,2007-09-20
-1,2007-09-21
-1,2007-09-22
-1,2007-09-23
-1,2007-09-24
-1,2007-09-25
-1,2007-09-26
-1,2007-09-27
-1,2007-09-28
-1,2007-09-29
-1,2007-09-30
-1,2007-10-01
-1,2007-10-02
-1,2007-10-03
-1,2007-10-04
-1,2007-10-05
-1,2007-10-06
-1,2007-10-07
-1,2007-10-08
0,2007-10-09
0,2007-10-10
-1,2007-10-11
1,2007-10-12
0,2007-10-13
3,2007-10-14
1,2007-10-15
-1,2007-10-16
-1,2007-10-17
-1,2007-10-18
-1,2007-10-19
0,2007-10-20
2,2007-10-21
-1,2007-10-22
-1,2007-10-23
-1,2007-10-24
-1,2007-10-25
-1,2007-10-26
-1,2007-10-27
-1,2007-10-28
-1,2007-10-29
-1,2007-10-30
-1,2007-10-31
2,2007-11-01
6,2007-11-02
5,2007-11-03
5,2007-11-04
4,2007-11-05
5,2007-11-06
10,2007-11-07
9,2007-11-08
9,2007-11-09
11,2007-11-10
12,2007-11-11
15,2007-11-12
14,2007-11-13
14,2007-11-14
15,2007-11-15
16,2007-11-16
15,2007-11-17
15,2007-11-18
20,2007-11-19
20,2007-11-20
20,2007-11-21
20,2007-11-22
26,2007-11-23
25,2007-11-24
28,2007-11-25
31,2007-11-26
34,2007-11-27
38,2007-11-28
36,2007-11-29
39,2007-11-30
37,2007-12-01
37,2007-12-02
37,2007-12-03
36,2007-12-04
35,2007-12-05
35,2007-12-06
31,2007-12-07
27,2007-12-08
31,2007-12-09
30,2007-12-10
30,2007-12-11
30,2007-12-12
30,2007-12-13
31,2007-12-14
31,2007-12-15
31,2007-12-16
30,2007-12-17
28,2007-12-18
28,2007-12-19
28,2007-12-20
28,2007-12-21
30,2007-12-22
30,2007-12-23
30,2007-12-24
30,2007-12-25
30,2007-12-26
30,2007-12-27
30,2007-12-28
30,2007-12-29
30,2007-12-30
31,2007-12-31
31,2008-01-01
31,2008-01-02
31,2008-01-03
32,2008-01-04
32,2008-01-05
33,2008-01-06
33,2008-01-07
33,2008-01-08
33,2008-01-09
33,2008-01-10
35,2008-01-11
38,2008-01-12
38,2008-01-13
42,2008-01-14
42,2008-01-15
42,2008-01-16
46,2008-01-17
55,2008-01-18
53,2008-01-19
55,2008-01-20
58,2008-01-21
64,2008-01-22
62,2008-01-23
61,2008-01-24
62,2008-01-25
62,2008-01-26
61,2008-01-27
61,2008-01-28
61,2008-01-29
60,2008-01-30
60,2008-01-31
60,2008-02-01
60,2008-02-02
60,2008-02-03
60,2008-02-04
59,2008-02-05
59,2008-02-06
60,2008-02-07
60,2008-02-08
60,2008-02-09
60,2008-02-10
60,2008-02-11
59,2008-02-12
59,2008-02-13
58,2008-02-14
58,2008-02-15
58,2008-02-16
62,2008-02-17
61,2008-02-18
61,2008-02-19
60,2008-02-20
60,2008-02-21
61,2008-02-22
65,2008-02-23
64,2008-02-24
64,2008-02-25
69,2008-02-26
68,2008-02-27
68,2008-02-28
68,2008-02-29
67,2008-03-01
67,2008-03-02
67,2008-03-03
67,2008-03-04
67,2008-03-05
67,2008-03-06
67,2008-03-07
66,2008-03-08
66,2008-03-09
67,2008-03-10
69,2008-03-11
69,2008-03-12
68,2008-03-13
68,2008-03-14
68,2008-03-15
68,2008-03-16
69,2008-03-17
68,2008-03-18
67,2008-03-19
69,2008-03-20
72,2008-03-21
73,2008-03-22
72,2008-03-23
74,2008-03-24
74,2008-03-25
72,2008-03-26
77,2008-03-27
80,2008-03-28
79,2008-03-29
83,2008-03-30
76,2008-03-31
74,2008-04-01
70,2008-04-02
70,2008-04-03
70,2008-04-04
73,2008-04-05
82,2008-04-06
83,2008-04-07
82,2008-04-08
79,2008-04-09
78,2008-04-10
78,2008-04-11
78,2008-04-12
77,2008-04-13
79,2008-04-14
84,2008-04-15
82,2008-04-16
80,2008-04-17
80,2008-04-18
80,2008-04-19
80,2008-04-20
80,2008-04-21
79,2008-04-22
78,2008-04-23
77,2008-04-24
77,2008-04-25
77,2008-04-26
76,2008-04-27
72,2008-04-28
67,2008-04-29
63,2008-04-30
56,2008-05-01
47,2008-05-02
35,2008-05-03
32,2008-05-04
27,2008-05-05
27,2008-05-06
25,2008-05-07
20,2008-05-08
14,2008-05-09
10,2008-05-10
0,2008-05-11
7,2008-05-12
0,2008-05-13
3,2008-05-14
0,2008-05-15
1,2008-05-16
8,2008-05-17
9,2008-05-18
6,2008-05-19
5,2008-05-20
0,2008-05-21
0,2008-05-22
0,2008-05-23
0,2008-05-24
0,2008-05-25
0,2008-05-26
0,2008-05-27
-1,2008-05-28
-1,2008-05-29
-1,2008-05-30
-1,2008-05-31
-1,2008-06-01
-1,2008-06-02
-1,2008-06-03
-1,2008-06-04
-1,2008-06-05
-1,2008-06-06
-1,2008-06-07
-1,2008-06-08
-1,2008-06-09
-1,2008-06-10
-1,2008-06-11
0,2008-06-12
-1,2008-06-13
-1,2008-06-14
-1,2008-06-15
-1,2008-06-16
-1,2008-06-17
-1,2008-06-18
-1,2008-06-19
-1,2008-06-20
-1,2008-06-21
-1,2008-06-22
-1,2008-06-23
-1,2008-06-24
-1,2008-06-25
-1,2008-06-26
-1,2008-06-27
-1,2008-06-28
-1,2008-06-29
-1,2008-06-30
-1,2008-07-01
-1,2008-07-02
-1,2008-07-03
-1,2008-07-04
-1,2008-07-05
-1,2008-07-06
-1,2008-07-07
-1,2008-07-08
-1,2008-07-09
-1,2008-07-10
-1,2008-07-11
-1,2008-07-12
-1,2008-07-13
-1,2008-07-14
-1,2008-07-15
-1,2008-07-16
-1,2008-07-17
-1,2008-07-18
-1,2008-07-19
-1,2008-07-20
-1,2008-07-21
-1,2008-07-22
-1,2008-07-23
-1,2008-07-24
-1,2008-07-25
-1,2008-07-26
-1,2008-07-27
-1,2008-07-28
-1,2008-07-29
-1,2008-07-30
-1,2008-07-31
-1,2008-08-22
-1,2008-08-23
-1,2008-08-24
-1,2008-08-25
-1,2008-08-26
-1,2008-08-27
-1,2008-08-28
-1,2008-08-29
-1,2008-08-30
-1,2008-08-31
-1,2008-09-01
-1,2008-09-02
-1,2008-09-03
-1,2008-09-04
-1,2008-09-05
-1,2008-09-06
-1,2008-09-07
-1,2008-09-08
-1,2008-09-09
-1,2008-09-10
-1,2008-09-11
-1,2008-09-12
-1,2008-09-13
-1,2008-09-14
-1,2008-09-15
-1,2008-09-16
-1,2008-09-17
-1,2008-09-18
-1,2008-09-19
-1,2008-09-20
-1,2008-09-21
-1,2008-09-22
-1,2008-09-23
-1,2008-09-24
-1,2008-09-25
0,2008-09-26
0,2008-09-27
-1,2008-09-28
-1,2008-09-29
-1,2008-09-30
-1,2008-10-01
-1,2008-10-02
-1,2008-10-03
-1,2008-10-04
-1,2008-10-05
-1,2008-10-06
-1,2008-10-07
-1,2008-10-08
-1,2008-10-09
0,2008-10-10
-1,2008-10-11
-1,2008-10-12
-1,2008-10-13
-1,2008-10-14
-1,2008-10-15
-1,2008-10-16
-1,2008-10-17
2,2008-10-18
5,2008-10-19
5,2008-10-20
-1,2008-10-21
-1,2008-10-22
-1,2008-10-23
-1,2008-10-24
-1,2008-10-25
-1,2008-10-26
-1,2008-10-27
4,2008-10-28
3,2008-10-29
4,2008-10-30
4,2008-10-31
5,2008-11-01
5,2008-11-02
7,2008-11-03
7,2008-11-04
11,2008-11-05
11,2008-11-06
10,2008-11-07
10,2008-11-08
12,2008-11-09
11,2008-11-10
10,2008-11-11
10,2008-11-12
12,2008-11-13
12,2008-11-14
13,2008-11-15
13,2008-11-16
12,2008-11-17
16,2008-11-18
18,2008-11-19
26,2008-11-20
25,2008-11-21
23,2008-11-22
23,2008-11-23
21,2008-11-24
19,2008-11-25
20,2008-11-26
21,2008-11-27
23,2008-11-28
22,2008-11-29
22,2008-11-30
25,2008-12-01
26,2008-12-02
25,2008-12-03
26,2008-12-04
27,2008-12-05
27,2008-12-06
26,2008-12-07
25,2008-12-08
27,2008-12-09
28,2008-12-10
27,2008-12-11
27,2008-12-12
27,2008-12-13
28,2008-12-14
29,2008-12-15
28,2008-12-16
34,2008-12-17
32,2008-12-18
34,2008-12-19
33,2008-12-20
33,2008-12-21
34,2008-12-22
34,2008-12-23
33,2008-12-24
33,2008-12-25
33,2008-12-26
33,2008-12-27
33,2008-12-28
33,2008-12-29
33,2008-12-30
41,2008-12-31
46,2009-01-01
44,2009-01-02
44,2009-01-03
42,2009-01-04
43,2009-01-05
43,2009-01-06
42,2009-01-07
43,2009-01-08
50,2009-01-09
49,2009-01-10
47,2009-01-11
46,2009-01-12
53,2009-01-13
51,2009-01-14
51,2009-01-15
50,2009-01-16
49,2009-01-17
49,2009-01-18
48,2009-01-19
50,2009-01-20
50,2009-01-21
49,2009-01-22
49,2009-01-23
48,2009-01-24
48,2009-01-25
48,2009-01-26
48,2009-01-27
49,2009-01-28
48,2009-01-29
48,2009-01-30
48,2009-01-31
50,2009-02-01
50,2009-02-02
50,2009-02-03
50,2009-02-04
51,2009-02-05
51,2009-02-06
51,2009-02-07
52,2009-02-08
59,2009-02-09
69,2009-02-10
65,2009-02-11
64,2009-02-12
63,2009-02-13
63,2009-02-14
64,2009-02-15
65,2009-02-16
64,2009-02-17
62,2009-02-18
61,2009-02-19
62,2009-02-20
58,2009-02-21
54,2009-02-22
54,2009-02-23
57,2009-02-24
56,2009-02-25
58,2009-02-26
58,2009-02-27
57,2009-02-28
57,2009-03-01
57,2009-03-02
57,2009-03-03
57,2009-03-04
57,2009-03-05
56,2009-03-06
56,2009-03-07
56,2009-03-08
58,2009-03-09
56,2009-03-10
57,2009-03-11
57,2009-03-12
57,2009-03-13
58,2009-03-14
58,2009-03-15
58,2009-03-16
60,2009-03-17
60,2009-03-18
61,2009-03-19
64,2009-03-20
63,2009-03-21
63,2009-03-22
63,2009-03-23
64,2009-03-24
65,2009-03-25
64,2009-03-26
64,2009-03-27
64,2009-03-28
63,2009-03-29
63,2009-03-30
63,2009-03-31
67,2009-04-01
66,2009-04-02
65,2009-04-03
65,2009-04-04
64,2009-04-05
64,2009-04-06
64,2009-04-07
64,2009-04-08
63,2009-04-09
66,2009-04-10
64,2009-04-11
61,2009-04-12
57,2009-04-13
58,2009-04-14
54,2009-04-15
54,2009-04-16
54,2009-04-17
52,2009-04-18
52,2009-04-19
52,2009-04-20
52,2009-04-21
50,2009-04-22
48,2009-04-23
44,2009-04-24
39,2009-04-25
35,2009-04-26
33,2009-04-27
36,2009-04-28
37,2009-04-29
34,2009-04-30
32,2009-05-01
27,2009-05-02
21,2009-05-03
17,2009-05-04
11,2009-05-05
10,2009-05-06
10,2009-05-07
6,2009-05-08
-1,2009-05-09
-1,2009-05-10
-1,2009-05-11
-1,2009-05-12
-1,2009-05-13
-1,2009-05-14
-1,2009-05-15
-1,2009-05-16
-1,2009-05-17
-1,2009-05-18
-1,2009-05-19
2,2009-05-20
-1,2009-05-21
-1,2009-05-22
-1,2009-05-23
-1,2009-05-24
-1,2009-05-25
-1,2009-05-26
-1,2009-05-27
-1,2009-05-28
-1,2009-05-29
-1,2009-05-30
-1,2009-05-31
-1,2009-06-01
-1,2009-06-02
-1,2009-06-03
-1,2009-06-04
-1,2009-06-05
-1,2009-06-06
-1,2009-06-07
-1,2009-06-08
-1,2009-06-09
-1,2009-06-10
-1,2009-06-11
-1,2009-06-12
-1,2009-06-13
-1,2009-06-14
-1,2009-06-15
-1,2009-06-16
-1,2009-06-17
-1,2009-06-18
-1,2009-06-19
-1,2009-06-20
-1,2009-06-21
-1,2009-06-22
-1,2009-06-23
-1,2009-06-24
-1,2009-06-25
-1,2009-06-26
-1,2009-06-27
-1,2009-06-28
-1,2009-06-29
-1,2009-06-30
-1,2009-07-01
-1,2009-07-02
-1,2009-07-03
-1,2009-07-04
-1,2009-07-05
-1,2009-07-06
-1,2009-07-07
-1,2009-07-08
-1,2009-07-09
-1,2009-07-10
-1,2009-07-11
-1,2009-07-12
-1,2009-07-13
-1,2009-07-14
-1,2009-07-15
-1,2009-07-16
-1,2009-07-17
-1,2009-07-18
-1,2009-07-19
-1,2009-07-20
-1,2009-07-21
-1,2009-07-22
-1,2009-07-23
-1,2009-07-24
-1,2009-07-25
-1,2009-07-26
-1,2009-07-27
-1,2009-07-28
-1,2009-07-29
-1,2009-07-30
-1,2009-07-31
-1,2009-08-01
-1,2009-08-02
-1,2009-08-03
-1,2009-08-04
-1,2009-08-05
-1,2009-08-06
-1,2009-08-07
-1,2009-08-08
-1,2009-08-09
-1,2009-08-10
-1,2009-08-11
-1,2009-08-12
-1,2009-08-13
-1,2009-08-14
-1,2009-08-15
-1,2009-08-16
-1,2009-08-17
-1,2009-08-18
-1,2009-08-19
-1,2009-08-20
-1,2009-08-21
-1,2009-08-22
-1,2009-08-23
-1,2009-08-24
-1,2009-08-25
-1,2009-08-26
-1,2009-08-27
-1,2009-08-28
-1,2009-08-29
-1,2009-08-30
-1,2009-08-31
-1,2009-09-01
-1,2009-09-02
-1,2009-09-03
-1,2009-09-04
-1,2009-09-05
-1,2009-09-06
-1,2009-09-07
-1,2009-09-08
-1,2009-09-09
-1,2009-09-10
-1,2009-09-11
-1,2009-09-12
-1,2009-09-13
-1,2009-09-14
-1,2009-09-15
-1,2009-09-16
-1,2009-09-17
-1,2009-09-18
-1,2009-09-19
-1,2009-09-20
-1,2009-09-21
-1,2009-09-22
-1,2009-09-23
-1,2009-09-24
-1,2009-09-25
-1,2009-09-26
-1,2009-09-27
-1,2009-09-28
-1,2009-09-29
-1,2009-09-30
0,2009-10-01
-1,2009-10-02
-1,2009-10-03
-1,2009-10-04
-1,2009-10-05
-1,2009-10-06
-1,2009-10-07
26,2009-10-08
23,2009-10-09
20,2009-10-10
19,2009-10-11
17,2009-10-12
18,2009-10-13
17,2009-10-14
17,2009-10-15
15,2009-10-16
13,2009-10-17
13,2009-10-18
13,2009-10-19
14,2009-10-20
14,2009-10-21
14,2009-10-22
14,2009-10-23
15,2009-10-24
15,2009-10-25
15,2009-10-26
17,2009-10-27
19,2009-10-28
18,2009-10-29
18,2009-10-30
18,2009-10-31
18,2009-11-01
18,2009-11-02
16,2009-11-03
13,2009-11-04
12,2009-11-05
12,2009-11-06
12,2009-11-07
12,2009-11-08
12,2009-11-09
12,2009-11-10
12,2009-11-11
16,2009-11-12
17,2009-11-13
17,2009-11-14
17,2009-11-15
18,2009-11-16
17,2009-11-17
17,2009-11-18
17,2009-11-19
17,2009-11-20
18,2009-11-21
20,2009-11-22
20,2009-11-23
19,2009-11-24
24,2009-11-25
24,2009-11-26
22,2009-11-27
21,2009-11-28
21,2009-11-29
21,2009-11-30
23,2009-12-01
29,2009-12-02
29,2009-12-03
29,2009-12-04
28,2009-12-05
30,2009-12-06
30,2009-12-07
29,2009-12-08
29,2009-12-09
30,2009-12-10
30,2009-12-11
30,2009-12-12
31,2009-12-13
31,2009-12-14
30,2009-12-15
31,2009-12-16
32,2009-12-17
33,2009-12-18
32,2009-12-19
35,2009-12-20
35,2009-12-21
38,2009-12-22
38,2009-12-23
39,2009-12-24
38,2009-12-25
37,2009-12-26
37,2009-12-27
36,2009-12-28
39,2009-12-29
40,2009-12-30
40,2009-12-31
41,2010-01-01
41,2010-01-02
43,2010-01-03
43,2010-01-04
43,2010-01-05
43,2010-01-06
43,2010-01-07
42,2010-01-08
43,2010-01-09
42,2010-01-10
42,2010-01-11
43,2010-01-12
44,2010-01-13
45,2010-01-14
44,2010-01-15
43,2010-01-16
43,2010-01-17
43,2010-01-18
42,2010-01-19
42,2010-01-20
42,2010-01-21
41,2010-01-22
42,2010-01-23
43,2010-01-24
44,2010-01-25
44,2010-01-26
48,2010-01-27
52,2010-01-28
52,2010-01-29
52,2010-01-30
53,2010-01-31
56,2010-02-01
56,2010-02-02
57,2010-02-03
60,2010-02-04
64,2010-02-05
64,2010-02-06
63,2010-02-07
63,2010-02-08
61,2010-02-09
61,2010-02-10
62,2010-02-11
63,2010-02-12
62,2010-02-13
63,2010-02-14
65,2010-02-15
68,2010-02-16
68,2010-02-17
67,2010-02-18
66,2010-02-19
66,2010-02-20
66,2010-02-21
65,2010-02-22
66,2010-02-23
66,2010-02-24
69,2010-02-25
69,2010-02-26
69,2010-02-27
77,2010-02-28
76,2010-03-01
76,2010-03-02
84,2010-03-03
87,2010-03-04
86,2010-03-05
85,2010-03-06
84,2010-03-07
80,2010-03-08
79,2010-03-09
78,2010-03-10
78,2010-03-11
77,2010-03-12
77,2010-03-13
77,2010-03-14
80,2010-03-15
79,2010-03-16
78,2010-03-17
77,2010-03-18
77,2010-03-19
84,2010-03-20
84,2010-03-21
83,2010-03-22
85,2010-03-23
83,2010-03-24
82,2010-03-25
83,2010-03-26
82,2010-03-27
82,2010-03-28
108,2010-03-29
113,2010-03-30
111,2010-03-31
108,2010-04-01
106,2010-04-02
97,2010-04-03
96,2010-04-04
95,2010-04-05
92,2010-04-06
91,2010-04-07
90,2010-04-08
89,2010-04-09
87,2010-04-10
83,2010-04-11
79,2010-04-12
75,2010-04-13
72,2010-04-14
72,2010-04-15
69,2010-04-16
69,2010-04-17
65,2010-04-18
65,2010-04-19
62,2010-04-20
64,2010-04-21
62,2010-04-22
59,2010-04-23
85,2010-04-24
79,2010-04-25
76,2010-04-26
70,2010-04-27
64,2010-04-28
63,2010-04-29
61,2010-04-30
66,2010-05-01
63,2010-05-02
62,2010-05-03
60,2010-05-04
59,2010-05-05
60,2010-05-06
59,2010-05-07
58,2010-05-08
55,2010-05-09
54,2010-05-10
51,2010-05-11
46,2010-05-12
44,2010-05-13
36,2010-05-14
29,2010-05-15
13,2010-05-16
-1,2010-05-17
-1,2010-05-18
-1,2010-05-19
-1,2010-05-20
-1,2010-05-21
-1,2010-05-22
-1,2010-05-23
-1,2010-05-24
-1,2010-05-25
-1,2010-05-26
-1,2010-05-27
-1,2010-05-28
-1,2010-05-29
-1,2010-05-30
-1,2010-05-31
-1,2010-06-01
-1,2010-06-02
-1,2010-06-03
-1,2010-06-04
-1,2010-06-05
-1,2010-06-06
-1,2010-06-07
-1,2010-06-08
-1,2010-06-09
-1,2010-06-10
-1,2010-06-11
-1,2010-06-12
-1,2010-06-13
-1,2010-06-14
-1,2010-06-15
-1,2010-06-16
-1,2010-06-17
-1,2010-06-18
-1,2010-06-19
-1,2010-06-20
-1,2010-06-21
-1,2010-06-22
-1,2010-06-23
-1,2010-06-24
-1,2010-06-25
-1,2010-06-26
-1,2010-06-27
-1,2010-06-28
-1,2010-06-29
-1,2010-06-30
-1,2010-07-01
-1,2010-07-02
-1,2010-07-03
-1,2010-07-04
-1,2010-07-05
-1,2010-07-06
-1,2010-07-07
-1,2010-07-08
-1,2010-07-09
-1,2010-07-10
-1,2010-07-11
-1,2010-07-12
-1,2010-07-13
-1,2010-07-14
-1,2010-07-15
-1,2010-07-16
-1,2010-07-17
-1,2010-07-18
-1,2010-07-19
-1,2010-07-20
-1,2010-07-21
-1,2010-07-22
-1,2010-07-23
-1,2010-07-24
-1,2010-07-25
-1,2010-07-26
-1,2010-07-27
-1,2010-07-28
-1,2010-07-29
-1,2010-07-30
-1,2010-07-31
-1,2010-08-01
-1,2010-08-02
-1,2010-08-03
-1,2010-08-04
-1,2010-08-05
-1,2010-08-06
-1,2010-08-07
-1,2010-08-08
-1,2010-08-09
-1,2010-08-10
-1,2010-08-11
-1,2010-08-12
-1,2010-08-13
-1,2010-08-14
-1,2010-08-15
-1,2010-08-16
-1,2010-08-17
-1,2010-08-18
-1,2010-08-19
-1,2010-08-20
-1,2010-08-21
-1,2010-08-22
-1,2010-08-23
-1,2010-08-24
-1,2010-08-25
-1,2010-08-26
-1,2010-08-27
-1,2010-08-28
-1,2010-08-29
-1,2010-08-30
-1,2010-08-31
-1,2010-09-01
-1,2010-09-02
-1,2010-09-03
-1,2010-09-04
-1,2010-09-05
-1,2010-09-06
-1,2010-09-07
-1,2010-09-08
-1,2010-09-09
-1,2010-09-10
-1,2010-09-11
-1,2010-09-12
-1,2010-09-13
-1,2010-09-14
-1,2010-09-15
-1,2010-09-16
-1,2010-09-17
-1,2010-09-18
-1,2010-09-19
-1,2010-09-20
-1,2010-09-21
-1,2010-09-22
-1,2010-09-23
-1,2010-09-24
-1,2010-09-25
-1,2010-09-26
-1,2010-09-27
-1,2010-09-28
-1,2010-09-29
-1,2010-09-30
-1,2010-10-01
-1,2010-10-02
-1,2010-10-03
-1,2010-10-04
-1,2010-10-05
-1,2010-10-06
-1,2010-10-07
-1,2010-10-08
-1,2010-10-09
-1,2010-10-10
-1,2010-10-11
0,2010-10-12
0,2010-10-13
0,2010-10-14
5,2010-10-15
4,2010-10-16
4,2010-10-17
4,2010-10-18
-1,2010-10-19
-1,2010-10-20
-1,2010-10-21
6,2010-10-22
13,2010-10-23
16,2010-10-24
13,2010-10-25
13,2010-10-26
13,2010-10-27
19,2010-10-28
29,2010-10-29
28,2010-10-30
32,2010-10-31
28,2010-11-01
23,2010-11-02
26,2010-11-03
29,2010-11-04
31,2010-11-05
30,2010-11-06
30,2010-11-07
30,2010-11-08
29,2010-11-09
27,2010-11-10
29,2010-11-11
32,2010-11-12
33,2010-11-13
33,2010-11-14
33,2010-11-15
33,2010-11-16
33,2010-11-17
31,2010-11-18
32,2010-11-19
32,2010-11-20
33,2010-11-21
34,2010-11-22
33,2010-11-23
33,2010-11-24
34,2010-11-25
35,2010-11-26
36,2010-11-27
36,2010-11-28
34,2010-11-29
35,2010-11-30
36,2010-12-01
37,2010-12-02
37,2010-12-03
36,2010-12-04
38,2010-12-05
38,2010-12-06
40,2010-12-07
39,2010-12-08
41,2010-12-09
39,2010-12-10
38,2010-12-11
44,2010-12-12
42,2010-12-13
42,2010-12-14
41,2010-12-15
42,2010-12-16
39,2010-12-17
40,2010-12-18
39,2010-12-19
40,2010-12-20
39,2010-12-21
40,2010-12-22
43,2010-12-23
44,2010-12-24
43,2010-12-25
42,2010-12-26
41,2010-12-27
41,2010-12-28
41,2010-12-29
44,2010-12-30
47,2010-12-31
47,2011-01-01
52,2011-01-02
53,2011-01-03
52,2011-01-04
51,2011-01-05
51,2011-01-06
51,2011-01-07
51,2011-01-08
51,2011-01-09
51,2011-01-10
58,2011-01-11
57,2011-01-12
58,2011-01-13
58,2011-01-14
57,2011-01-15
57,2011-01-16
54,2011-01-17
61,2011-01-18
59,2011-01-19
58,2011-01-20
57,2011-01-21
60,2011-01-22
60,2011-01-23
60,2011-01-24
60,2011-01-25
59,2011-01-26
61,2011-01-27
61,2011-01-28
59,2011-01-29
62,2011-01-30
63,2011-01-31
64,2011-02-01
64,2011-02-02
76,2011-02-03
76,2011-02-04
72,2011-02-05
70,2011-02-06
69,2011-02-07
68,2011-02-08
73,2011-02-09
73,2011-02-10
74,2011-02-11
73,2011-02-12
73,2011-02-13
72,2011-02-14
71,2011-02-15
70,2011-02-16
70,2011-02-17
70,2011-02-18
69,2011-02-19
69,2011-02-20
69,2011-02-21
69,2011-02-22
69,2011-02-23
69,2011-02-24
65,2011-02-25
63,2011-02-26
63,2011-02-27
65,2011-02-28
64,2011-03-01
64,2011-03-02
64,2011-03-03
63,2011-03-04
65,2011-03-05
67,2011-03-06
68,2011-03-07
68,2011-03-08
67,2011-03-09
67,2011-03-10
66,2011-03-11
74,2011-03-12
76,2011-03-13
76,2011-03-14
77,2011-03-15
76,2011-03-16
75,2011-03-17
72,2011-03-18
71,2011-03-19
71,2011-03-20
71,2011-03-21
77,2011-03-22
74,2011-03-23
79,2011-03-24
77,2011-03-25
78,2011-03-26
78,2011-03-27
77,2011-03-28
76,2011-03-29
76,2011-03-30
76,2011-03-31
76,2011-04-01
75,2011-04-02
77,2011-04-03
72,2011-04-04
71,2011-04-05
70,2011-04-06
68,2011-04-07
66,2011-04-08
66,2011-04-09
65,2011-04-10
64,2011-04-11
61,2011-04-12
56,2011-04-13
51,2011-04-14
50,2011-04-15
46,2011-04-16
41,2011-04-17
43,2011-04-18
43,2011-04-19
43,2011-04-20
42,2011-04-21
41,2011-04-22
39,2011-04-23
37,2011-04-24
35,2011-04-25
31,2011-04-26
29,2011-04-27
27,2011-04-28
25,2011-04-29
25,2011-04-30
24,2011-05-01
23,2011-05-02
23,2011-05-03
25,2011-05-04
23,2011-05-05
21,2011-05-06
19,2011-05-07
17,2011-05-08
11,2011-05-09
6,2011-05-10
4,2011-05-11
-1,2011-05-12
-1,2011-05-13
-1,2011-05-14
-1,2011-05-15
-1,2011-05-16
-1,2011-05-17
-1,2011-05-18
-1,2011-05-19
-1,2011-05-20
-1,2011-05-21
-1,2011-05-22
-1,2011-05-23
-1,2011-05-24
-1,2011-05-25
-1,2011-05-26
-1,2011-05-27
-1,2011-05-28
-1,2011-05-29
-1,2011-05-30
-1,2011-05-31
-1,2011-06-01
-1,2011-06-02
-1,2011-06-03
-1,2011-06-04
-1,2011-06-05
-1,2011-06-06
-1,2011-06-07
-1,2011-06-08
-1,2011-06-09
-1,2011-06-10
-1,2011-06-11
-1,2011-06-12
-1,2011-06-13
-1,2011-06-14
-1,2011-06-15
-1,2011-06-16
-1,2011-06-17
-1,2011-06-18
-1,2011-06-19
-1,2011-06-20
-1,2011-06-21
-1,2011-06-22
-1,2011-06-23
-1,2011-06-24
-1,2011-06-25
-1,2011-06-26
-1,2011-06-27
-1,2011-06-28
-1,2011-06-29
-1,2011-06-30
-1,2011-07-01
-1,2011-07-02
-1,2011-07-03
-1,2011-07-04
-1,2011-07-05
-1,2011-07-06
-1,2011-07-07
-1,2011-07-08
-1,2011-07-09
-1,2011-07-10
-1,2011-07-11
-1,2011-07-12
-1,2011-07-13
-1,2011-07-14
-1,2011-07-15
-1,2011-07-16
-1,2011-07-17
-1,2011-07-18
-1,2011-07-19
-1,2011-07-20
-1,2011-07-21
-1,2011-07-22
-1,2011-07-23
-1,2011-07-24
-1,2011-07-25
-1,2011-07-26
-1,2011-07-27
-1,2011-07-28
-1,2011-07-29
-1,2011-07-30
-1,2011-07-31
-1,2011-08-01
-1,2011-08-02
-1,2011-08-03
-1,2011-08-04
-1,2011-08-05
-1,2011-08-06
-1,2011-08-07
-1,2011-08-08
-1,2011-08-09
-1,2011-08-10
-1,2011-08-11
-1,2011-08-12
-1,2011-08-13
-1,2011-08-14
-1,2011-08-15
-1,2011-08-16
-1,2011-08-17
-1,2011-08-18
-1,2011-08-19
-1,2011-08-20
-1,2011-08-21
-1,2011-08-22
-1,2011-08-23
-1,2011-08-24
-1,2011-08-25
-1,2011-08-26
-1,2011-08-27
-1,2011-08-28
-1,2011-08-29
-1,2011-08-30
-1,2011-08-31
-1,2011-09-01
-1,2011-09-02
-1,2011-09-03
-1,2011-09-04
-1,2011-09-05
-1,2011-09-06
-1,2011-09-07
-1,2011-09-08
-1,2011-09-09
-1,2011-09-10
-1,2011-09-11
-1,2011-09-12
-1,2011-09-13
-1,2011-09-14
-1,2011-09-15
-1,2011-09-16
-1,2011-09-17
-1,2011-09-18
-1,2011-09-19
-1,2011-09-20
-1,2011-09-21
-1,2011-09-22
-1,2011-09-23
-1,2011-09-24
-1,2011-09-25
-1,2011-09-26
-1,2011-09-27
-1,2011-09-28
-1,2011-09-29
-1,2011-09-30
-1,2011-10-01
-1,2011-10-02
-1,2011-10-03
-1,2011-10-04
-1,2011-10-05
-1,2011-10-06
-1,2011-10-07
-1,2011-10-08
-1,2011-10-09
-1,2011-10-10
-1,2011-10-11
-1,2011-10-12
-1,2011-10-13
-1,2011-10-14
-1,2011-10-15
-1,2011-10-16
-1,2011-10-17
-1,2011-10-18
-1,2011-10-19
-1,2011-10-20
-1,2011-10-21
-1,2011-10-22
-1,2011-10-23
-1,2011-10-24
-1,2011-10-25
-1,2011-10-26
-1,2011-10-27
-1,2011-10-28
-1,2011-10-29
-1,2011-10-30
-1,2011-10-31
-1,2011-11-01
-1,2011-11-02
-1,2011-11-03
0,2011-11-04
2,2011-11-05
-1,2011-11-06
-1,2011-11-07
-1,2011-11-08
-1,2011-11-09
-1,2011-11-10
-1,2011-11-11
-1,2011-11-12
-1,2011-11-13
-1,2011-11-14
0,2011-11-15
5,2011-11-16
6,2011-11-17
6,2011-11-18
6,2011-11-19
6,2011-11-20
6,2011-11-21
6,2011-11-22
6,2011-11-23
7,2011-11-24
6,2011-11-25
15,2011-11-26
15,2011-11-27
14,2011-11-28
14,2011-11-29
14,2011-11-30
11,2011-12-01
9,2011-12-02
13,2011-12-03
12,2011-12-04
12,2011-12-05
15,2011-12-06
17,2011-12-07
16,2011-12-08
18,2011-12-09
19,2011-12-10
26,2011-12-11
25,2011-12-12
24,2011-12-13
24,2011-12-14
23,2011-12-15
24,2011-12-16
23,2011-12-17
24,2011-12-18
26,2011-12-19
29,2011-12-20
28,2011-12-21
29,2011-12-22
30,2011-12-23
28,2011-12-24
27,2011-12-25
30,2011-12-26
29,2011-12-27
28,2011-12-28
28,2011-12-29
29,2011-12-30
34,2011-12-31
34,2012-01-01
34,2012-01-02
33,2012-01-03
32,2012-01-04
33,2012-01-05
34,2012-01-06
35,2012-01-07
34,2012-01-08
34,2012-01-09
31,2012-01-10
36,2012-01-11
40,2012-01-12
39,2012-01-13
38,2012-01-14
37,2012-01-15
41,2012-01-16
41,2012-01-17
41,2012-01-18
40,2012-01-19
43,2012-01-20
41,2012-01-21
42,2012-01-22
44,2012-01-23
42,2012-01-24
43,2012-01-25
43,2012-01-26
44,2012-01-27
45,2012-01-28
45,2012-01-29
45,2012-01-30
45,2012-01-31
45,2012-02-01
44,2012-02-02
44,2012-02-03
44,2012-02-04
44,2012-02-05
43,2012-02-06
45,2012-02-07
45,2012-02-08
45,2012-02-09
48,2012-02-10
48,2012-02-11
51,2012-02-12
52,2012-02-13
50,2012-02-14
54,2012-02-15
54,2012-02-16
56,2012-02-17
56,2012-02-18
51,2012-02-19
51,2012-02-20
53,2012-02-21
55,2012-02-22
55,2012-02-23
55,2012-02-24
55,2012-02-25
55,2012-02-26
54,2012-02-27
55,2012-02-28
56,2012-02-29
55,2012-03-01
57,2012-03-02
56,2012-03-03
55,2012-03-04
55,2012-03-05
55,2012-03-06
55,2012-03-07
55,2012-03-08
55,2012-03-09
60,2012-03-10
60,2012-03-11
61,2012-03-12
62,2012-03-13
61,2012-03-14
61,2012-03-15
61,2012-03-16
60,2012-03-17
60,2012-03-18
60,2012-03-19
59,2012-03-20
59,2012-03-21
59,2012-03-22
63,2012-03-23
63,2012-03-24
63,2012-03-25
63,2012-03-26
62,2012-03-27
69,2012-03-28
71,2012-03-29
70,2012-03-30
69,2012-03-31
68,2012-04-01
68,2012-04-02
68,2012-04-03
69,2012-04-04
68,2012-04-05
69,2012-04-06
69,2012-04-07
68,2012-04-08
73,2012-04-09
70,2012-04-10
79,2012-04-11
79,2012-04-12
75,2012-04-13
72,2012-04-14
71,2012-04-15
71,2012-04-16
71,2012-04-17
71,2012-04-18
71,2012-04-19
71,2012-04-20
71,2012-04-21
81,2012-04-22
78,2012-04-23
74,2012-04-24
75,2012-04-25
70,2012-04-26
67,2012-04-27
64,2012-04-28
60,2012-04-29
58,2012-04-30
55,2012-05-01
54,2012-05-02
52,2012-05-03
50,2012-05-04
49,2012-05-05
47,2012-05-06
46,2012-05-07
41,2012-05-08
38,2012-05-09
33,2012-05-10
30,2012-05-11
27,2012-05-12
26,2012-05-13
24,2012-05-14
19,2012-05-15
13,2012-05-16
6,2012-05-17
-1,2012-05-18
-1,2012-05-19
-1,2012-05-20
-1,2012-05-21
-1,2012-05-22
-1,2012-05-23
-1,2012-05-24
-1,2012-05-25
-1,2012-05-26
-1,2012-05-27
-1,2012-05-28
-1,2012-05-29
-1,2012-05-30
-1,2012-05-31
-1,2012-06-01
-1,2012-06-02
-1,2012-06-03
-1,2012-06-04
-1,2012-06-05
-1,2012-06-06
-1,2012-06-07
-1,2012-06-08
-1,2012-06-09
-1,2012-06-10
-1,2012-06-11
-1,2012-06-12
-1,2012-06-13
-1,2012-06-14
-1,2012-06-15
-1,2012-06-16
-1,2012-06-17
-1,2012-06-18
-1,2012-06-19
-1,2012-06-20
-1,2012-06-21
-1,2012-06-22
-1,2012-06-23
-1,2012-06-24
-1,2012-06-25
-1,2012-06-26
-1,2012-06-27
0,2012-06-28
-1,2012-06-29
-1,2012-06-30
-1,2012-07-01
-1,2012-07-02
-1,2012-07-03
-1,2012-07-04
-1,2012-07-05
-1,2012-07-06
-1,2012-07-07
-1,2012-07-08
-1,2012-07-09
-1,2012-07-10
-1,2012-07-11
-1,2012-07-12
-1,2012-07-13
-1,2012-07-14
-1,2012-07-15
-1,2012-07-16
-1,2012-07-17
-1,2012-07-18
-1,2012-07-19
-1,2012-07-20
-1,2012-07-21
-1,2012-07-22
-1,2012-07-23
-1,2012-07-24
-1,2012-07-25
-1,2012-07-26
-1,2012-07-27
-1,2012-07-28
-1,2012-07-29
-1,2012-07-30
-1,2012-07-31
-1,2012-08-01
-1,2012-08-02
-1,2012-08-03
-1,2012-08-04
-1,2012-08-05
-1,2012-08-06
-1,2012-08-07
-1,2012-08-08
-1,2012-08-09
-1,2012-08-10
-1,2012-08-11
-1,2012-08-12
-1,2012-08-13
-1,2012-08-14
-1,2012-08-15
-1,2012-08-16
-1,2012-08-17
-1,2012-08-18
-1,2012-08-19
-1,2012-08-20
-1,2012-08-21
-1,2012-08-22
-1,2012-08-23
-1,2012-08-24
-1,2012-08-25
-1,2012-08-26
-1,2012-08-27
-1,2012-08-28
-1,2012-08-29
-1,2012-08-30
-1,2012-08-31
-1,2012-09-01
-1,2012-09-02
-1,2012-09-03
-1,2012-09-04
-1,2012-09-05
-1,2012-09-06
-1,2012-09-07
-1,2012-09-08
-1,2012-09-09
-1,2012-09-10
-1,2012-09-11
-1,2012-09-12
-1,2012-09-13
-1,2012-09-14
-1,2012-09-15
-1,2012-09-16
-1,2012-09-17
-1,2012-09-18
-1,2012-09-19
-1,2012-09-20
-1,2012-09-21
-1,2012-09-22
-1,2012-09-23
-1,2012-09-24
-1,2012-09-25
-1,2012-09-26
-1,2012-09-27
0,2012-09-28
-1,2012-09-29
-1,2012-09-30
-1,2012-10-01
-1,2012-10-02
-1,2012-10-03
-1,2012-10-04
-1,2012-10-05
-1,2012-10-06
-1,2012-10-07
-1,2012-10-08
-1,2012-10-09
-1,2012-10-10
-1,2012-10-11
-1,2012-10-12
-1,2012-10-13
-1,2012-10-14
-1,2012-10-15
2,2012-10-16
3,2012-10-17
2,2012-10-18
3,2012-10-19
4,2012-10-20
5,2012-10-21
5,2012-10-22
5,2012-10-23
13,2012-10-24
20,2012-10-25
20,2012-10-26
19,2012-10-27
18,2012-10-28
18,2012-10-29
17,2012-10-30
17,2012-10-31
21,2012-11-01
20,2012-11-02
20,2012-11-03
27,2012-11-04
26,2012-11-05
29,2012-11-06
28,2012-11-07
27,2012-11-08
35,2012-11-09
33,2012-11-10
35,2012-11-11
33,2012-11-12
36,2012-11-13
35,2012-11-14
35,2012-11-15
34,2012-11-16
34,2012-11-17
35,2012-11-18
31,2012-11-19
34,2012-11-20
32,2012-11-21
32,2012-11-22
30,2012-11-23
33,2012-11-24
33,2012-11-25
35,2012-11-26
35,2012-11-27
35,2012-11-28
34,2012-11-29
34,2012-11-30
34,2012-12-01
36,2012-12-02
43,2012-12-03
43,2012-12-04
43,2012-12-05
42,2012-12-06
42,2012-12-07
41,2012-12-08
40,2012-12-09
41,2012-12-10
46,2012-12-11
46,2012-12-12
45,2012-12-13
47,2012-12-14
46,2012-12-15
48,2012-12-16
45,2012-12-17
47,2012-12-18
46,2012-12-19
45,2012-12-20
46,2012-12-21
46,2012-12-22
45,2012-12-23
45,2012-12-24
45,2012-12-25
46,2012-12-26
45,2012-12-27
55,2012-12-28
53,2012-12-29
53,2012-12-30
53,2012-12-31
52,2013-01-01
56,2013-01-02
56,2013-01-03
55,2013-01-04
55,2013-01-05
54,2013-01-06
56,2013-01-07
56,2013-01-08
59,2013-01-09
59,2013-01-10
58,2013-01-11
58,2013-01-12
57,2013-01-13
58,2013-01-14
57,2013-01-15
57,2013-01-16
57,2013-01-17
58,2013-01-18
58,2013-01-19
58,2013-01-20
62,2013-01-21
62,2013-01-22
67,2013-01-23
62,2013-01-24
61,2013-01-25
61,2013-01-26
68,2013-01-27
69,2013-01-28
70,2013-01-29
69,2013-01-30
72,2013-01-31
72,2013-02-01
72,2013-02-02
72,2013-02-03
73,2013-02-04
73,2013-02-05
71,2013-02-06
73,2013-02-07
73,2013-02-08
73,2013-02-09
72,2013-02-10
71,2013-02-11
71,2013-02-12
70,2013-02-13
72,2013-02-14
70,2013-02-15
70,2013-02-16
72,2013-02-17
73,2013-02-18
72,2013-02-19
72,2013-02-20
71,2013-02-21
71,2013-02-22
71,2013-02-23
72,2013-02-24
72,2013-02-25
71,2013-02-26
71,2013-02-27
76,2013-02-28
78,2013-03-01
76,2013-03-02
76,2013-03-03
73,2013-03-04
75,2013-03-05
76,2013-03-06
80,2013-03-07
78,2013-03-08
77,2013-03-09
79,2013-03-10
79,2013-03-11
78,2013-03-12
77,2013-03-13
76,2013-03-14
77,2013-03-15
77,2013-03-16
77,2013-03-17
73,2013-03-18
72,2013-03-19
72,2013-03-20
72,2013-03-21
77,2013-03-22
77,2013-03-23
78,2013-03-24
76,2013-03-25
76,2013-03-26
76,2013-03-27
77,2013-03-28
78,2013-03-29
78,2013-03-30
77,2013-03-31
77,2013-04-01
77,2013-04-02
76,2013-04-03
79,2013-04-04
78,2013-04-05
78,2013-04-06
78,2013-04-07
79,2013-04-08
78,2013-04-09
78,2013-04-10
78,2013-04-11
77,2013-04-12
77,2013-04-13
75,2013-04-14
77,2013-04-15
74,2013-04-16
71,2013-04-17
62,2013-04-18
61,2013-04-19
55,2013-04-20
52,2013-04-21
51,2013-04-22
48,2013-04-23
45,2013-04-24
42,2013-04-25
40,2013-04-26
41,2013-04-27
40,2013-04-28
41,2013-04-29
39,2013-04-30
38,2013-05-01
38,2013-05-02
36,2013-05-03
34,2013-05-04
33,2013-05-05
32,2013-05-06
28,2013-05-07
22,2013-05-08
19,2013-05-09
17,2013-05-10
15,2013-05-11
13,2013-05-12
11,2013-05-13
7,2013-05-14
4,2013-05-15
-1,2013-05-16
-1,2013-05-17
-1,2013-05-18
-1,2013-05-19
-1,2013-05-20
-1,2013-05-21
-1,2013-05-22
-1,2013-05-23
-1,2013-05-24
-1,2013-05-25
-1,2013-05-26
-1,2013-05-27
-1,2013-05-28
-1,2013-05-29
-1,2013-05-30
-1,2013-05-31
-1,2013-06-01
-1,2013-06-02
-1,2013-06-03
-1,2013-06-04
-1,2013-06-05
-1,2013-06-06
-1,2013-06-07
-1,2013-06-08
-1,2013-06-09
-1,2013-06-10
-1,2013-06-11
-1,2013-06-12
-1,2013-06-13
-1,2013-06-14
-1,2013-06-15
-1,2013-06-16
-1,2013-06-17
-1,2013-06-18
-1,2013-06-19
-1,2013-06-20
-1,2013-06-21
-1,2013-06-22
-1,2013-06-23
-1,2013-06-24
-1,2013-06-25
-1,2013-06-26
-1,2013-06-27
-1,2013-06-28
-1,2013-06-29
-1,2013-06-30
-1,2013-07-01
-1,2013-07-02
-1,2013-07-03
-1,2013-07-04
-1,2013-07-05
-1,2013-07-06
-1,2013-07-07
-1,2013-07-08
-1,2013-07-09
-1,2013-07-10
-1,2013-07-11
-1,2013-07-12
-1,2013-07-13
-1,2013-07-14
-1,2013-07-15
-1,2013-07-16
-1,2013-07-17
-1,2013-07-18
-1,2013-07-19
-1,2013-07-20
-1,2013-07-21
-1,2013-07-22
-1,2013-07-23
-1,2013-07-24
-1,2013-07-25
-1,2013-07-26
-1,2013-07-27
-1,2013-07-28
-1,2013-07-29
-1,2013-07-30
-1,2013-07-31
-1,2013-08-01
-1,2013-08-02
-1,2013-08-03
-1,2013-08-04
-1,2013-08-05
-1,2013-08-06
-1,2013-08-07
-1,2013-08-08
-1,2013-08-09
-1,2013-08-10
-1,2013-08-11
-1,2013-08-12
-1,2013-08-13
-1,2013-08-14
-1,2013-08-15
-1,2013-08-16
-1,2013-08-17
-1,2013-08-18
-1,2013-08-19
-1,2013-08-20
-1,2013-08-21
-1,2013-08-22
-1,2013-08-23
-1,2013-08-24
-1,2013-08-25
-1,2013-08-26
-1,2013-08-27
-1,2013-08-28
-1,2013-08-29
-1,2013-08-30
-1,2013-08-31
-1,2013-09-01
-1,2013-09-02
-1,2013-09-03
-1,2013-09-04
-1,2013-09-05
-1,2013-09-06
-1,2013-09-07
-1,2013-09-08
-1,2013-09-09
-1,2013-09-10
-1,2013-09-11
-1,2013-09-12
-1,2013-09-13
-1,2013-09-14
-1,2013-09-15
-1,2013-09-16
-1,2013-09-17
-1,2013-09-18
-1,2013-09-19
-1,2013-09-20
-1,2013-09-21
-1,2013-09-22
-1,2013-09-23
-1,2013-09-24
-1,2013-09-25
-1,2013-09-26
-1,2013-09-27
-1,2013-09-28
-1,2013-09-29
-1,2013-09-30
-1,2013-10-01
-1,2013-10-02
-1,2013-10-03
-1,2013-10-04
-1,2013-10-05
-1,2013-10-06
-1,2013-10-07
-1,2013-10-08
-1,2013-10-09
-1,2013-10-10
-1,2013-10-11
-1,2013-10-12
0,2013-10-13
-1,2013-10-14
0,2013-10-15
2,2013-10-16
2,2013-10-17
3,2013-10-18
4,2013-10-19
9,2013-10-20
12,2013-10-21
10,2013-10-22
10,2013-10-23
12,2013-10-24
12,2013-10-25
12,2013-10-26
16,2013-10-27
19,2013-10-28
12,2013-10-29
8,2013-10-30
7,2013-10-31
7,2013-11-01
7,2013-11-02
9,2013-11-03
9,2013-11-04
11,2013-11-05
12,2013-11-06
14,2013-11-07
15,2013-11-08
15,2013-11-09
14,2013-11-10
15,2013-11-11
15,2013-11-12
16,2013-11-13
17,2013-11-14
17,2013-11-15
17,2013-11-16
18,2013-11-17
20,2013-11-18
20,2013-11-19
18,2013-11-20
18,2013-11-21
18,2013-11-22
19,2013-11-23
19,2013-11-24
22,2013-11-25
21,2013-11-26
24,2013-11-27
32,2013-11-28
32,2013-11-29
34,2013-11-30
32,2013-12-01
31,2013-12-02
32,2013-12-03
30,2013-12-04
33,2013-12-05
32,2013-12-06
32,2013-12-07
31,2013-12-08
31,2013-12-09
30,2013-12-10
32,2013-12-11
32,2013-12-12
31,2013-12-13
31,2013-12-14
33,2013-12-15
33,2013-12-16
33,2013-12-17
33,2013-12-18
33,2013-12-19
33,2013-12-20
33,2013-12-21
33,2013-12-22
34,2013-12-23
34,2013-12-24
34,2013-12-25
34,2013-12-26
32,2013-12-27
34,2013-12-28
34,2013-12-29
33,2013-12-30
34,2013-12-31
36,2014-01-01
38,2014-01-02
38,2014-01-03
38,2014-01-04
38,2014-01-05
38,2014-01-06
40,2014-01-07
44,2014-01-08
58,2014-01-09
55,2014-01-10
52,2014-01-11
51,2014-01-12
51,2014-01-13
50,2014-01-14
51,2014-01-15
51,2014-01-16
50,2014-01-17
51,2014-01-18
51,2014-01-19
51,2014-01-20
48,2014-01-21
48,2014-01-22
50,2014-01-23
55,2014-01-24
53,2014-01-25
51,2014-01-26
54,2014-01-27
58,2014-01-28
56,2014-01-29
55,2014-01-30
54,2014-01-31
54,2014-02-01
53,2014-02-02
54,2014-02-03
54,2014-02-04
53,2014-02-05
53,2014-02-06
52,2014-02-07
52,2014-02-08
53,2014-02-09
53,2014-02-10
53,2014-02-11
55,2014-02-12
55,2014-02-13
55,2014-02-14
55,2014-02-15
54,2014-02-16
54,2014-02-17
53,2014-02-18
53,2014-02-19
55,2014-02-20
56,2014-02-21
56,2014-02-22
56,2014-02-23
57,2014-02-24
54,2014-02-25
53,2014-02-26
53,2014-02-27
53,2014-02-28
53,2014-03-01
55,2014-03-02
56,2014-03-03
56,2014-03-04
56,2014-03-05
55,2014-03-06
55,2014-03-07
57,2014-03-08
55,2014-03-09
56,2014-03-10
56,2014-03-11
56,2014-03-12
55,2014-03-13
60,2014-03-14
60,2014-03-15
60,2014-03-16
59,2014-03-17
59,2014-03-18
59,2014-03-19
59,2014-03-20
59,2014-03-21
63,2014-03-22
63,2014-03-23
63,2014-03-24
63,2014-03-25
61,2014-03-26
61,2014-03-27
60,2014-03-28
61,2014-03-29
61,2014-03-30
61,2014-03-31
61,2014-04-01
62,2014-04-02
61,2014-04-03
61,2014-04-04
61,2014-04-05
60,2014-04-06
61,2014-04-07
60,2014-04-08
60,2014-04-09
60,2014-04-10
60,2014-04-11
60,2014-04-12
59,2014-04-13
57,2014-04-14
55,2014-04-15
51,2014-04-16
50,2014-04-17
48,2014-04-18
42,2014-04-19
39,2014-04-20
39,2014-04-21
38,2014-04-22
37,2014-04-23
37,2014-04-24
35,2014-04-25
34,2014-04-26
32,2014-04-27
30,2014-04-28
38,2014-04-29
41,2014-04-30
40,2014-05-01
39,2014-05-02
39,2014-05-03
38,2014-05-04
37,2014-05-05
37,2014-05-06
36,2014-05-07
35,2014-05-08
35,2014-05-09
33,2014-05-10
34,2014-05-11
32,2014-05-12
29,2014-05-13
27,2014-05-14
26,2014-05-15
26,2014-05-16
22,2014-05-17
16,2014-05-18
6,2014-05-19
-1,2014-05-20
-1,2014-05-21
-1,2014-05-22
-1,2014-05-23
-1,2014-05-24
-1,2014-05-25
-1,2014-05-26
-1,2014-05-27
-1,2014-05-28
-1,2014-05-29
0,2014-05-30
0,2014-05-31
-1,2014-06-01
-1,2014-06-02
-1,2014-06-03
-1,2014-06-04
-1,2014-06-05
-1,2014-06-06
-1,2014-06-07
-1,2014-06-08
-1,2014-06-09
-1,2014-06-10
-1,2014-06-11
-1,2014-06-12
-1,2014-06-13
-1,2014-06-14
-1,2014-06-15
-1,2014-06-16
-1,2014-06-17
-1,2014-06-18
-1,2014-06-19
-1,2014-06-20
-1,2014-06-21
-1,2014-06-22
-1,2014-06-23
-1,2014-06-24
-1,2014-06-25
-1,2014-06-26
-1,2014-06-27
-1,2014-06-28
-1,2014-06-29
-1,2014-06-30
-1,2014-07-01
-1,2014-07-02
-1,2014-07-03
-1,2014-07-04
-1,2014-07-05
-1,2014-07-06
-1,2014-07-07
-1,2014-07-08
-1,2014-07-09
-1,2014-07-10
-1,2014-07-11
-1,2014-07-12
-1,2014-07-13
-1,2014-07-14
-1,2014-07-15
-1,2014-07-16
-1,2014-07-17
-1,2014-07-18
-1,2014-07-19
-1,2014-07-20
-1,2014-07-21
-1,2014-07-22
-1,2014-07-23
-1,2014-07-24
-1,2014-07-25
-1,2014-07-26
-1,2014-07-27
-1,2014-07-28
-1,2014-07-29
-1,2014-07-30
-1,2014-07-31
-1,2014-08-01
-1,2014-08-02
-1,2014-08-03
-1,2014-08-04
-1,2014-08-05
-1,2014-08-06
-1,2014-08-07
-1,2014-08-08
-1,2014-08-09
-1,2014-08-10
-1,2014-08-11
-1,2014-08-12
-1,2014-08-13
-1,2014-08-14
-1,2014-08-15
-1,2014-08-16
-1,2014-08-17
-1,2014-08-18
-1,2014-08-19
-1,2014-08-20
-1,2014-08-21
-1,2014-08-22
-1,2014-08-23
-1,2014-08-24
-1,2014-08-25
-1,2014-08-26
-1,2014-08-27
-1,2014-08-28
-1,2014-08-29
-1,2014-08-30
-1,2014-08-31
-1,2014-09-01
-1,2014-09-02
-1,2014-09-03
-1,2014-09-04
-1,2014-09-05
-1,2014-09-06
-1,2014-09-07
-1,2014-09-08
-1,2014-09-09
-1,2014-09-10
-1,2014-09-11
-1,2014-09-12
-1,2014-09-13
-1,2014-09-14
-1,2014-09-15
-1,2014-09-16
-1,2014-09-17
-1,2014-09-18
-1,2014-09-19
-1,2014-09-20
-1,2014-09-21
-1,2014-09-22
-1,2014-09-23
-1,2014-09-24
4,2014-09-25
3,2014-09-26
-1,2014-09-27
-1,2014-09-28
-1,2014-09-29
-1,2014-09-30
-1,2014-10-01
-1,2014-10-02
-1,2014-10-03
-1,2014-10-04
-1,2014-10-05
-1,2014-10-06
-1,2014-10-07
-1,2014-10-08
-1,2014-10-09
-1,2014-10-10
-1,2014-10-11
-1,2014-10-12
-1,2014-10-13
0,2014-10-14
0,2014-10-15
-1,2014-10-16
2,2014-10-17
2,2014-10-18
3,2014-10-19
3,2014-10-20
3,2014-10-21
3,2014-10-22
4,2014-10-23
4,2014-10-24
7,2014-10-25
7,2014-10-26
-1,2014-10-27
-1,2014-10-28
-1,2014-10-29
-1,2014-10-30
-1,2014-10-31
-1,2014-11-01
3,2014-11-02
4,2014-11-03
2,2014-11-04
7,2014-11-05
7,2014-11-06
7,2014-11-07
7,2014-11-08
7,2014-11-09
7,2014-11-10
12,2014-11-11
23,2014-11-12
23,2014-11-13
22,2014-11-14
21,2014-11-15
24,2014-11-16
23,2014-11-17
21,2014-11-18
21,2014-11-19
22,2014-11-20
21,2014-11-21
21,2014-11-22
20,2014-11-23
21,2014-11-24
23,2014-11-25
24,2014-11-26
23,2014-11-27
23,2014-11-28
23,2014-11-29
23,2014-11-30
22,2014-12-01
23,2014-12-02
29,2014-12-03
35,2014-12-04
34,2014-12-05
36,2014-12-06
35,2014-12-07
36,2014-12-08
36,2014-12-09
36,2014-12-10
41,2014-12-11
43,2014-12-12
43,2014-12-13
43,2014-12-14
42,2014-12-15
43,2014-12-16
47,2014-12-17
51,2014-12-18
49,2014-12-19
47,2014-12-20
49,2014-12-21
47,2014-12-22
45,2014-12-23
47,2014-12-24
46,2014-12-25
46,2014-12-26
46,2014-12-27
45,2014-12-28
45,2014-12-29
49,2014-12-30
53,2014-12-31
51,2015-01-01
53,2015-01-02
54,2015-01-03
53,2015-01-04
52,2015-01-05
52,2015-01-06
52,2015-01-07
53,2015-01-08
52,2015-01-09
57,2015-01-10
56,2015-01-11
55,2015-01-12
55,2015-01-13
56,2015-01-14
54,2015-01-15
55,2015-01-16
54,2015-01-17
58,2015-01-18
57,2015-01-19
56,2015-01-20
56,2015-01-21
56,2015-01-22
57,2015-01-23
57,2015-01-24
59,2015-01-25
58,2015-01-26
57,2015-01-27
56,2015-01-28
58,2015-01-29
59,2015-01-30
64,2015-01-31
63,2015-02-01
55,2015-02-02
55,2015-02-03
63,2015-02-04
64,2015-02-05
64,2015-02-06
65,2015-02-07
67,2015-02-08
66,2015-02-09
66,2015-02-10
66,2015-02-11
66,2015-02-12
66,2015-02-13
65,2015-02-14
65,2015-02-15
64,2015-02-16
64,2015-02-17
63,2015-02-18
63,2015-02-19
63,2015-02-20
63,2015-02-21
63,2015-02-22
63,2015-02-23
63,2015-02-24
63,2015-02-25
62,2015-02-26
63,2015-02-27
62,2015-02-28
62,2015-03-01
61,2015-03-02
60,2015-03-03
61,2015-03-04
68,2015-03-05
67,2015-03-06
67,2015-03-07
66,2015-03-08
67,2015-03-09
68,2015-03-10
68,2015-03-11
68,2015-03-12
67,2015-03-13
66,2015-03-14
65,2015-03-15
65,2015-03-16
65,2015-03-17
64,2015-03-18
64,2015-03-19
68,2015-03-20
68,2015-03-21
68,2015-03-22
74,2015-03-23
77,2015-03-24
76,2015-03-25
77,2015-03-26
76,2015-03-27
73,2015-03-28
77,2015-03-29
76,2015-03-30
78,2015-03-31
80,2015-04-01
82,2015-04-02
79,2015-04-03
77,2015-04-04
78,2015-04-05
77,2015-04-06
77,2015-04-07
72,2015-04-08
72,2015-04-09
72,2015-04-10
74,2015-04-11
74,2015-04-12
72,2015-04-13
70,2015-04-14
70,2015-04-15
68,2015-04-16
67,2015-04-17
67,2015-04-18
64,2015-04-19
61,2015-04-20
62,2015-04-21
58,2015-04-22
57,2015-04-23
55,2015-04-24
55,2015-04-25
55,2015-04-26
55,2015-04-27
58,2015-04-28
58,2015-04-29
56,2015-04-30
56,2015-05-01
50,2015-05-02
52,2015-05-03
55,2015-05-04
50,2015-05-05
46,2015-05-06
37,2015-05-07
25,2015-05-08
18,2015-05-09
13,2015-05-10
5,2015-05-11
-1,2015-05-12
-1,2015-05-13
7,2015-05-14
4,2015-05-15
3,2015-05-16
-1,2015-05-17
-1,2015-05-18
-1,2015-05-19
-1,2015-05-20
-1,2015-05-21
-1,2015-05-22
-1,2015-05-23
-1,2015-05-24
-1,2015-05-25
-1,2015-05-26
-1,2015-05-27
-1,2015-05-28
-1,2015-05-29
-1,2015-05-30
-1,2015-05-31
-1,2015-06-01
-1,2015-06-02
-1,2015-06-03
-1,2015-06-04
-1,2015-06-05
-1,2015-06-06
-1,2015-06-07
-1,2015-06-08
-1,2015-06-09
-1,2015-06-10
-1,2015-06-11
-1,2015-06-12
-1,2015-06-13
-1,2015-06-14
-1,2015-06-15
-1,2015-06-16
-1,2015-06-17
-1,2015-06-18
-1,2015-06-19
-1,2015-06-20
-1,2015-06-21
-1,2015-06-22
-1,2015-06-23
-1,2015-06-24
-1,2015-06-25
-1,2015-06-26
-1,2015-06-27
-1,2015-06-28
-1,2015-06-29
-1,2015-06-30
-1,2015-07-01
-1,2015-07-02
-1,2015-07-03
-1,2015-07-04
-1,2015-07-05
-1,2015-07-06
-1,2015-07-07
-1,2015-07-08
-1,2015-07-09
-1,2015-07-10
-1,2015-07-11
-1,2015-07-12
-1,2015-07-13
-1,2015-07-14
-1,2015-07-15
-1,2015-07-16
-1,2015-07-17
-1,2015-07-18
-1,2015-07-19
-1,2015-07-20
-1,2015-07-21
-1,2015-07-22
-1,2015-07-23
-1,2015-07-24
-1,2015-07-25
-1,2015-07-26
-1,2015-07-27
-1,2015-07-28
-1,2015-07-29
-1,2015-07-30
-1,2015-07-31
-1,2015-08-01
-1,2015-08-02
-1,2015-08-03
-1,2015-08-04
-1,2015-08-05
-1,2015-08-06
-1,2015-08-07
-1,2015-08-08
-1,2015-08-09
-1,2015-08-10
-1,2015-08-11
-1,2015-08-12
-1,2015-08-13
-1,2015-08-14
-1,2015-08-15
-1,2015-08-16
-1,2015-08-17
-1,2015-08-18
-1,2015-08-19
-1,2015-08-20
-1,2015-08-21
-1,2015-08-22
-1,2015-08-23
-1,2015-08-24
-1,2015-08-25
-1,2015-08-26
-1,2015-08-27
-1,2015-08-28
-1,2015-08-29
-1,2015-08-30
-1,2015-08-31
-1,2015-09-01
-1,2015-09-02
-1,2015-09-03
-1,2015-09-04
-1,2015-09-05
-1,2015-09-06
-1,2015-09-07
-1,2015-09-08
-1,2015-09-09
-1,2015-09-10
-1,2015-09-11
-1,2015-09-12
-1,2015-09-13
-1,2015-09-14
-1,2015-09-15
-1,2015-09-16
-1,2015-09-17
-1,2015-09-18
-1,2015-09-19
-1,2015-09-20
-1,2015-09-21
-1,2015-09-22
-1,2015-09-23
-1,2015-09-24
-1,2015-09-25
-1,2015-09-26
-1,2015-09-27
-1,2015-09-28
-1,2015-09-29
-1,2015-09-30
-1,2015-10-01
-1,2015-10-02
-1,2015-10-03
-1,2015-10-04
4,2015-10-05
4,2015-10-06
3,2015-10-07
4,2015-10-08
4,2015-10-09
4,2015-10-10
3,2015-10-11
3,2015-10-12
2,2015-10-13
0,2015-10-14
-1,2015-10-15
-1,2015-10-16
-1,2015-10-17
-1,2015-10-18
-1,2015-10-19
-1,2015-10-20
-1,2015-10-21
-1,2015-10-22
-1,2015-10-23
-1,2015-10-24
-1,2015-10-25
-1,2015-10-26
2,2015-10-27
0,2015-10-28
0,2015-10-29
0,2015-10-30
2,2015-10-31
2,2015-11-01
-1,2015-11-02
-1,2015-11-03
-1,2015-11-04
-1,2015-11-05
0,2015-11-06
2,2015-11-07
2,2015-11-08
11,2015-11-09
9,2015-11-10
11,2015-11-11
12,2015-11-12
14,2015-11-13
12,2015-11-14
15,2015-11-15
17,2015-11-16
16,2015-11-17
17,2015-11-18
16,2015-11-19
16,2015-11-20
15,2015-11-21
15,2015-11-22
15,2015-11-23
15,2015-11-24
16,2015-11-25
19,2015-11-26
23,2015-11-27
22,2015-11-28
22,2015-11-29
21,2015-11-30
22,2015-12-01
22,2015-12-02
23,2015-12-03
22,2015-12-04
22,2015-12-05
25,2015-12-06
25,2015-12-07
25,2015-12-08
26,2015-12-09
31,2015-12-10
33,2015-12-11
32,2015-12-12
33,2015-12-13
32,2015-12-14
32,2015-12-15
32,2015-12-16
32,2015-12-17
32,2015-12-18
35,2015-12-19
35,2015-12-20
35,2015-12-21
35,2015-12-22
35,2015-12-23
33,2015-12-24
36,2015-12-25
43,2015-12-26
43,2015-12-27
42,2015-12-28
42,2015-12-29
41,2015-12-30
41,2015-12-31
38,2016-01-01
37,2016-01-02
37,2016-01-03
37,2016-01-04
37,2016-01-05
37,2016-01-06
37,2016-01-07
41,2016-01-08
46,2016-01-09
45,2016-01-10
45,2016-01-11
45,2016-01-12
44,2016-01-13
44,2016-01-14
51,2016-01-15
53,2016-01-16
54,2016-01-17
55,2016-01-18
54,2016-01-19
54,2016-01-20
53,2016-01-21
53,2016-01-22
55,2016-01-23
54,2016-01-24
61,2016-01-25
60,2016-01-26
64,2016-01-27
65,2016-01-28
63,2016-01-29
63,2016-01-30
62,2016-01-31
62,2016-02-01
64,2016-02-02
65,2016-02-03
66,2016-02-04
65,2016-02-05
64,2016-02-06
66,2016-02-07
68,2016-02-08
70,2016-02-09
74,2016-02-10
76,2016-02-11
77,2016-02-12
97,2016-02-13
95,2016-02-14
93,2016-02-15
92,2016-02-16
90,2016-02-17
89,2016-02-18
87,2016-02-19
86,2016-02-20
84,2016-02-21
83,2016-02-22
87,2016-02-23
92,2016-02-24
91,2016-02-25
90,2016-02-26
90,2016-02-27
88,2016-02-28
87,2016-02-29
86,2016-03-01
86,2016-03-02
85,2016-03-03
85,2016-03-04
84,2016-03-05
83,2016-03-06
83,2016-03-07
82,2016-03-08
82,2016-03-09
84,2016-03-10
81,2016-03-11
82,2016-03-12
82,2016-03-13
81,2016-03-14
81,2016-03-15
79,2016-03-16
78,2016-03-17
78,2016-03-18
78,2016-03-19
77,2016-03-20
77,2016-03-21
78,2016-03-22
78,2016-03-23
81,2016-03-24
80,2016-03-25
83,2016-03-26
82,2016-03-27
79,2016-03-28
77,2016-03-29
74,2016-03-30
73,2016-03-31
72,2016-04-01
72,2016-04-02
71,2016-04-03
72,2016-04-04
74,2016-04-05
73,2016-04-06
74,2016-04-07
69,2016-04-08
66,2016-04-09
61,2016-04-10
59,2016-04-11
58,2016-04-12
59,2016-04-13
58,2016-04-14
58,2016-04-15
58,2016-04-16
56,2016-04-17
57,2016-04-18
55,2016-04-19
62,2016-04-20
61,2016-04-21
58,2016-04-22
57,2016-04-23
58,2016-04-24
58,2016-04-25
58,2016-04-26
52,2016-04-27
43,2016-04-28
37,2016-04-29
32,2016-04-30
28,2016-05-01
25,2016-05-02
21,2016-05-03
16,2016-05-04
11,2016-05-05
4,2016-05-06
-1,2016-05-07
-1,2016-05-08
-1,2016-05-09
-1,2016-05-10
-1,2016-05-11
-1,2016-05-12
-1,2016-05-13
-1,2016-05-14
-1,2016-05-15
-1,2016-05-16
-1,2016-05-17
-1,2016-05-18
-1,2016-05-19
-1,2016-05-20
-1,2016-05-21
-1,2016-05-22
-1,2016-05-23
-1,2016-05-24
-1,2016-05-25
-1,2016-05-26
-1,2016-05-27
0,2016-05-28
0,2016-05-29
-1,2016-06-01
-1,2016-06-02
-1,2016-06-03
-1,2016-06-04
-1,2016-06-05
-1,2016-06-06
-1,2016-06-07
-1,2016-06-08
8,2016-06-09
-1,2016-06-10
-1,2016-06-11
-1,2016-06-12
-1,2016-06-13
-1,2016-06-14
-1,2016-06-15
-1,2016-06-16
-1,2016-06-17
-1,2016-06-18
-1,2016-06-19
-1,2016-06-20
-1,2016-06-21
-1,2016-06-22
-1,2016-06-23
-1,2016-06-24
-1,2016-06-25
-1,2016-06-26
-1,2016-06-27
-1,2016-06-28
-1,2016-06-29
-1,2016-06-30
-1,2016-07-01
-1,2016-07-02
-1,2016-07-03
-1,2016-07-04
-1,2016-07-05
-1,2016-07-06
-1,2016-07-07
-1,2016-07-08
-1,2016-07-09
-1,2016-07-10
-1,2016-07-11
-1,2016-07-12
-1,2016-07-13
-1,2016-07-14
-1,2016-07-15
-1,2016-07-16
-1,2016-07-17
-1,2016-07-18
-1,2016-07-19
-1,2016-07-20
-1,2016-07-21
-1,2016-07-22
-1,2016-07-23
-1,2016-07-24
-1,2016-07-25
-1,2016-07-26
-1,2016-07-27
-1,2016-07-28
-1,2016-07-29
-1,2016-07-30
-1,2016-07-31
-1,2016-08-01
-1,2016-08-02
-1,2016-08-03
-1,2016-08-04
-1,2016-08-05
-1,2016-08-06
-1,2016-08-07
-1,2016-08-08
-1,2016-08-09
-1,2016-08-10
-1,2016-08-11
-1,2016-08-12
-1,2016-08-13
-1,2016-08-14
-1,2016-08-15
-1,2016-08-16
-1,2016-08-17
-1,2016-08-18
-1,2016-08-19
-1,2016-08-20
-1,2016-08-21
-1,2016-08-22
-1,2016-08-23
-1,2016-08-24
-1,2016-08-25
-1,2016-08-26
-1,2016-08-27
-1,2016-08-28
-1,2016-08-29
-1,2016-08-30
-1,2016-08-31
-1,2016-09-01
-1,2016-09-02
-1,2016-09-03
-1,2016-09-04
-1,2016-09-05
-1,2016-09-06
-1,2016-09-07
-1,2016-09-08
-1,2016-09-09
-1,2016-09-10
-1,2016-09-11
-1,2016-09-12
-1,2016-09-13
-1,2016-09-14
-1,2016-09-15
-1,2016-09-16
-1,2016-09-17
-1,2016-09-18
-1,2016-09-19
-1,2016-09-20
-1,2016-09-21
-1,2016-09-22
-1,2016-09-23
-1,2016-09-24
-1,2016-09-25
-1,2016-09-26
-1,2016-09-27
-1,2016-09-28
-1,2016-09-29
-1,2016-09-30
-1,2016-10-01
-1,2016-10-02
-1,2016-10-03
-1,2016-10-04
-1,2016-10-05
-1,2016-10-06
-1,2016-10-07
-1,2016-10-08
-1,2016-10-09
-1,2016-10-10
-1,2016-10-11
-1,2016-10-12
-1,2016-10-13
-1,2016-10-14
-1,2016-10-15
-1,2016-10-16
-1,2016-10-17
-1,2016-10-18
-1,2016-10-19
-1,2016-10-20
-1,2016-10-21
-1,2016-10-22
-1,2016-10-23
-1,2016-10-24
-1,2016-10-25
-1,2016-10-26
-1,2016-10-27
3,2016-10-28
0,2016-10-29
0,2016-10-30
3,2016-10-31
2,2016-11-01
2,2016-11-02
3,2016-11-03
3,2016-11-04
4,2016-11-05
4,2016-11-06
4,2016-11-07
5,2016-11-08
5,2016-11-09
4,2016-11-10
11,2016-11-11
13,2016-11-12
12,2016-11-13
11,2016-11-14
11,2016-11-15
12,2016-11-16
12,2016-11-17
13,2016-11-18
17,2016-11-19
16,2016-11-20
18,2016-11-21
22,2016-11-22
30,2016-11-23
29,2016-11-24
27,2016-11-25
27,2016-11-26
28,2016-11-27
26,2016-11-28
27,2016-11-29
29,2016-11-30
31,2016-12-01
35,2016-12-02
34,2016-12-03
33,2016-12-04
39,2016-12-05
37,2016-12-06
38,2016-12-07
37,2016-12-08
35,2016-12-09
38,2016-12-10
37,2016-12-11
36,2016-12-12
36,2016-12-13
37,2016-12-14
39,2016-12-15
39,2016-12-16
38,2016-12-17
38,2016-12-18
37,2016-12-19
36,2016-12-20
35,2016-12-21
39,2016-12-22
38,2016-12-23
38,2016-12-24
43,2016-12-25
45,2016-12-26
44,2016-12-27
42,2016-12-28
44,2016-12-29
44,2016-12-30
46,2016-12-31
47,2017-01-01
46,2017-01-02
48,2017-01-03
47,2017-01-04
47,2017-01-05
48,2017-01-06
43,2017-01-07
42,2017-01-08
47,2017-01-09
45,2017-01-10
53,2017-01-11
53,2017-01-12
53,2017-01-13
53,2017-01-14
53,2017-01-15
58,2017-01-16
58,2017-01-17
56,2017-01-18
56,2017-01-19
58,2017-01-20
57,2017-01-21
56,2017-01-22
56,2017-01-23
56,2017-01-24
56,2017-01-25
55,2017-01-26
56,2017-01-27
55,2017-01-28
55,2017-01-29
58,2017-01-30
60,2017-01-31
59,2017-02-01
59,2017-02-02
59,2017-02-03
59,2017-02-04
58,2017-02-05
58,2017-02-06
58,2017-02-07
57,2017-02-08
57,2017-02-09
57,2017-02-10
56,2017-02-11
56,2017-02-12
59,2017-02-13
59,2017-02-14
58,2017-02-15
60,2017-02-16
64,2017-02-17
71,2017-02-18
69,2017-02-19
68,2017-02-20
68,2017-02-21
68,2017-02-22
70,2017-02-23
75,2017-02-24
80,2017-02-25
81,2017-02-26
79,2017-02-27
78,2017-02-28
76,2017-03-01
79,2017-03-02
78,2017-03-03
79,2017-03-04
76,2017-03-05
78,2017-03-06
76,2017-03-07
76,2017-03-08
76,2017-03-09
74,2017-03-10
76,2017-03-11
76,2017-03-12
75,2017-03-13
77,2017-03-14
80,2017-03-15
80,2017-03-16
79,2017-03-17
81,2017-03-18
91,2017-03-19
89,2017-03-20
87,2017-03-21
86,2017-03-22
85,2017-03-23
85,2017-03-24
84,2017-03-25
83,2017-03-26
81,2017-03-27
81,2017-03-28
81,2017-03-29
81,2017-03-30
80,2017-03-31
80,2017-04-01
79,2017-04-02
79,2017-04-03
79,2017-04-04
89,2017-04-05
81,2017-04-06
83,2017-04-07
82,2017-04-08
82,2017-04-09
83,2017-04-10
82,2017-04-11
80,2017-04-12
83,2017-04-13
82,2017-04-14
82,2017-04-15
82,2017-04-16
81,2017-04-17
82,2017-04-18
82,2017-04-19
81,2017-04-20
87,2017-04-21
83,2017-04-22
85,2017-04-23
89,2017-04-24
85,2017-04-25
84,2017-04-26
88,2017-04-27
86,2017-04-28
86,2017-04-29
84,2017-04-30
91,2017-05-01
89,2017-05-02
87,2017-05-03
86,2017-05-04
80,2017-05-05
72,2017-05-06
71,2017-05-07
76,2017-05-08
74,2017-05-09
74,2017-05-10
71,2017-05-11
72,2017-05-12
71,2017-05-13
69,2017-05-14
66,2017-05-15
67,2017-05-16
60,2017-05-17
55,2017-05-18
48,2017-05-19
45,2017-05-20
43,2017-05-21
39,2017-05-22
34,2017-05-23
31,2017-05-24
27,2017-05-25
21,2017-05-26
20,2017-05-27
19,2017-05-28
16,2017-05-29
16,2017-05-30
14,2017-05-31
11,2017-06-01
13,2017-06-02
11,2017-06-03
10,2017-06-04
8,2017-06-05
5,2017-06-06
-1,2017-06-09
-1,2017-06-10
-1,2017-06-11
-1,2017-06-12
-1,2017-06-13
-1,2017-06-14
-1,2017-06-15
-1,2017-06-16
-1,2017-06-17
-1,2017-06-18
-1,2017-06-19
-1,2017-06-20
-1,2017-06-21
-1,2017-06-22
-1,2017-06-23
-1,2017-06-24
-1,2017-06-25
-1,2017-06-26
-1,2017-06-27
-1,2017-06-28
-1,2017-06-29
-1,2017-06-30
-1,2017-07-01
-1,2017-07-02
-1,2017-07-03
-1,2017-07-04
-1,2017-07-05
-1,2017-07-06
-1,2017-07-07
-1,2017-07-08
-1,2017-07-09
-1,2017-07-10
-1,2017-07-12
-1,2017-07-13
-1,2017-07-14
-1,2017-07-15
-1,2017-07-16
-1,2017-07-17
-1,2017-07-18
-1,2017-07-19
-1,2017-07-20
-1,2017-07-21
-1,2017-07-22
-1,2017-07-23
-1,2017-07-24
-1,2017-07-25
-1,2017-07-26
-1,2017-07-27
-1,2017-07-28
-1,2017-07-29
-1,2017-07-30
-1,2017-08-01
-1,2017-08-02
-1,2017-08-03
-1,2017-08-04
-1,2017-08-05
-1,2017-08-06
-1,2017-08-07
-1,2017-08-08
-1,2017-08-09
-1,2017-08-10
-1,2017-08-11
-1,2017-08-12
-1,2017-08-13
-1,2017-08-14
-1,2017-08-15
-1,2017-08-16
-1,2017-08-17
-1,2017-08-18
-1,2017-08-19
-1,2017-08-21
-1,2017-08-22
-1,2017-08-23
-1,2017-08-24
-1,2017-08-25
-1,2017-08-26
-1,2017-08-27
-1,2017-08-28
-1,2017-08-29
-1,2017-08-30
-1,2017-08-31
-1,2017-09-01
-1,2017-09-02
-1,2017-09-03
-1,2017-09-04
-1,2017-09-05
-1,2017-09-06
-1,2017-09-07
-1,2017-09-08
-1,2017-09-09
-1,2017-09-10
-1,2017-09-11
-1,2017-09-12
-1,2017-09-13
-1,2017-09-14
-1,2017-09-15
-1,2017-09-16
-1,2017-09-17
-1,2017-09-18
-1,2017-09-19
-1,2017-09-20
-1,2017-09-21
-1,2017-09-22
-1,2017-09-23
-1,2017-09-24
-1,2017-09-25
-1,2017-09-26
-1,2017-09-27
-1,2017-09-28
-1,2017-09-29
-1,2017-09-30
-1,2017-10-01
-1,2017-10-02
-1,2017-10-03
-1,2017-10-04
-1,2017-10-05
-1,2017-10-06
-1,2017-10-07
-1,2017-10-08
-1,2017-10-09
-1,2017-10-10
3,2017-10-11
-1,2017-10-12
-1,2017-10-13
-1,2017-10-14
-1,2017-10-15
-1,2017-10-16
12,2017-10-17
6,2017-10-18
4,2017-10-19
3,2017-10-20
3,2017-10-21
4,2017-10-22
4,2017-10-23
6,2017-10-24
5,2017-10-25
5,2017-10-26
4,2017-10-27
6,2017-10-28
8,2017-10-29
8,2017-10-30
8,2017-10-31
8,2017-11-01
9,2017-11-02
11,2017-11-03
13,2017-11-04
13,2017-11-05
13,2017-11-06
18,2017-11-07
17,2017-11-08
21,2017-11-09
23,2017-11-10
20,2017-11-11
20,2017-11-12
22,2017-11-13
28,2017-11-14
28,2017-11-15
30,2017-11-16
28,2017-11-17
29,2017-11-18
28,2017-11-19
29,2017-11-20
28,2017-11-21
28,2017-11-22
29,2017-11-23
28,2017-11-24
26,2017-11-25
30,2017-11-26
30,2017-11-27
29,2017-11-28
28,2017-11-29
28,2017-11-30
28,2017-12-01
31,2017-12-02
32,2017-12-03
34,2017-12-04
34,2017-12-05
33,2017-12-06
33,2017-12-07
32,2017-12-08
30,2017-12-09
31,2017-12-10
36,2017-12-11
34,2017-12-12
44,2017-12-13
49,2017-12-14
48,2017-12-15
46,2017-12-16
45,2017-12-17
44,2017-12-18
42,2017-12-19
51,2017-12-20
49,2017-12-21
47,2017-12-22
47,2017-12-23
47,2017-12-24
47,2017-12-25
47,2017-12-26
48,2017-12-27
48,2017-12-28
48,2017-12-29
51,2017-12-30
50,2017-12-31
52,2018-01-01
51,2018-01-02
51,2018-01-03
52,2018-01-04
52,2018-01-05
55,2018-01-06
67,2018-01-07
69,2018-01-08
67,2018-01-09
66,2018-01-10
65,2018-01-11
64,2018-01-12
63,2018-01-13
62,2018-01-14
61,2018-01-15
59,2018-01-16
59,2018-01-17
59,2018-01-18
60,2018-01-19
59,2018-01-20
58,2018-01-21
61,2018-01-22
64,2018-01-23
64,2018-01-24
68,2018-01-25
70,2018-01-26
72,2018-01-27
71,2018-01-28
69,2018-01-29
69,2018-01-30
69,2018-01-31
68,2018-02-01
68,2018-02-02
68,2018-02-03
68,2018-02-04
68,2018-02-05
69,2018-02-06
68,2018-02-07
70,2018-02-08
69,2018-02-09
68,2018-02-10
67,2018-02-11
67,2018-02-12
66,2018-02-13
67,2018-02-14
66,2018-02-15
68,2018-02-16
67,2018-02-17
65,2018-02-18
68,2018-02-19
69,2018-02-20
70,2018-02-21
71,2018-02-22
71,2018-02-23
70,2018-02-24
70,2018-02-25
69,2018-02-26
70,2018-02-27
70,2018-02-28
74,2018-03-01
76,2018-03-02
74,2018-03-03
74,2018-03-04
74,2018-03-05
74,2018-03-06
73,2018-03-07
73,2018-03-08
73,2018-03-09
76,2018-03-10
77,2018-03-11
79,2018-03-12
79,2018-03-13
80,2018-03-14
78,2018-03-15
79,2018-03-16
79,2018-03-17
79,2018-03-18
79,2018-03-19
81,2018-03-20
80,2018-03-21
82,2018-03-22
81,2018-03-23
81,2018-03-24
80,2018-03-25
79,2018-03-26
79,2018-03-27
83,2018-03-28
82,2018-03-29
81,2018-03-30
80,2018-03-31
80,2018-04-01
79,2018-04-02
80,2018-04-03
85,2018-04-04
87,2018-04-05
90,2018-04-06
100,2018-04-07
99,2018-04-08
98,2018-04-09
99,2018-04-10
97,2018-04-11
96,2018-04-12
92,2018-04-13
90,2018-04-14
87,2018-04-15
85,2018-04-16
83,2018-04-17
80,2018-04-18
79,2018-04-19
80,2018-04-20
82,2018-04-21
81,2018-04-22
80,2018-04-23
80,2018-04-24
75,2018-04-25
72,2018-04-26
67,2018-04-27
63,2018-04-28
60,2018-04-29
58,2018-04-30
55,2018-05-01
55,2018-05-02
54,2018-05-03
51,2018-05-04
49,2018-05-05
47,2018-05-06
42,2018-05-07
40,2018-05-08
36,2018-05-09
27,2018-05-10
17,2018-05-11
-1,2018-05-12
-1,2018-05-13
-1,2018-05-14
-1,2018-05-15
-1,2018-05-16
-1,2018-05-17
-1,2018-05-18
-1,2018-05-19
-1,2018-05-20
-1,2018-05-21
-1,2018-05-22
-1,2018-05-23
-1,2018-05-24
-1,2018-05-25
-1,2018-05-26
-1,2018-05-27
-1,2018-05-28
-1,2018-05-29
-1,2018-05-30
-1,2018-05-31
-1,2018-06-01
-1,2018-06-02
-1,2018-06-03
-1,2018-06-04
-1,2018-06-05
-1,2018-06-06
-1,2018-06-07
-1,2018-06-08
-1,2018-06-09
-1,2018-06-10
-1,2018-06-11
-1,2018-06-12
-1,2018-06-13
-1,2018-06-14
-1,2018-06-15
-1,2018-06-16
-1,2018-06-17
-1,2018-06-18
-1,2018-06-19
-1,2018-06-20
-1,2018-06-21
-1,2018-06-22
-1,2018-06-23
-1,2018-06-24
-1,2018-06-25
-1,2018-06-26
-1,2018-06-27
-1,2018-06-28
-1,2018-06-29
-1,2018-06-30
-1,2018-07-01
-1,2018-07-02
-1,2018-07-03
-1,2018-07-04
-1,2018-07-05
-1,2018-07-06
-1,2018-07-07
-1,2018-07-08
-1,2018-07-09
-1,2018-07-10
-1,2018-07-11
-1,2018-07-12
-1,2018-07-13
-1,2018-07-14
-1,2018-07-15
-1,2018-07-16
-1,2018-07-17
-1,2018-07-18
-1,2018-07-19
-1,2018-07-20
-1,2018-07-21
-1,2018-07-22
-1,2018-07-23
-1,2018-07-24
-1,2018-07-25
-1,2018-07-26
-1,2018-07-27
-1,2018-07-28
-1,2018-07-29
-1,2018-07-30
-1,2018-07-31
-1,2018-08-01
-1,2018-08-02
-1,2018-08-03
-1,2018-08-04
-1,2018-08-05
-1,2018-08-06
-1,2018-08-07
-1,2018-08-08
-1,2018-08-09
-1,2018-08-10
-1,2018-08-11
-1,2018-08-12
-1,2018-08-13
-1,2018-08-14
-1,2018-08-15
-1,2018-08-16
-1,2018-08-17
-1,2018-08-18
-1,2018-08-19
-1,2018-08-20
-1,2018-08-21
-1,2018-08-22
-1,2018-08-23
-1,2018-08-24
-1,2018-08-25
-1,2018-08-26
-1,2018-08-27
-1,2018-08-28
-1,2018-08-29
-1,2018-08-30
-1,2018-08-31
-1,2018-09-01
-1,2018-09-02
-1,2018-09-03
-1,2018-09-04
-1,2018-09-05
-1,2018-09-06
-1,2018-09-07
-1,2018-09-08
-1,2018-09-09
-1,2018-09-10
-1,2018-09-11
-1,2018-09-12
-1,2018-09-13
-1,2018-09-14
-1,2018-09-15
-1,2018-09-16
-1,2018-09-17
-1,2018-09-18
-1,2018-09-19
-1,2018-09-20
-1,2018-09-21
-1,2018-09-22
-1,2018-09-23
-1,2018-09-24
-1,2018-09-25
-1,2018-09-26
-1,2018-09-27
-1,2018-09-28
-1,2018-09-29
-1,2018-09-30
-1,2018-10-01
-1,2018-10-02
-1,2018-10-03
-1,2018-10-04
-1,2018-10-05
-1,2018-10-07
-1,2018-10-08
-1,2018-10-09
-1,2018-10-10
-1,2018-10-11
-1,2018-10-12
-1,2018-10-13
-1,2018-10-14
-1,2018-10-15
-1,2018-10-16
-1,2018-10-17
-1,2018-10-18
-1,2018-10-19
-1,2018-10-20
-1,2018-10-21
-1,2018-10-22
-1,2018-10-23
-1,2018-10-24
-1,2018-10-25
-1,2018-10-26
-1,2018-10-28
-1,2018-10-29
-1,2018-10-30
5,2018-10-31
7,2018-11-01
2,2018-11-02
7,2018-11-03
10,2018-11-04
5,2018-11-05
3,2018-11-06
3,2018-11-07
3,2018-11-08
3,2018-11-09
3,2018-11-10
2,2018-11-11
3,2018-11-12
-1,2018-11-13
-1,2018-11-15
-1,2018-11-16
-1,2018-11-17
-1,2018-11-18
-1,2018-11-19
-1,2018-11-21
-1,2018-11-22
0,2018-11-23
11,2018-11-24
10,2018-11-25
10,2018-11-26
10,2018-11-27
11,2018-11-28
11,2018-11-29
12,2018-11-30
11,2018-12-01
9,2018-12-02
9,2018-12-03
9,2018-12-04
8,2018-12-05
14,2018-12-06
14,2018-12-07
15,2018-12-08
20,2018-12-09
34,2018-12-11
33,2018-12-12
31,2018-12-13
28,2018-12-14
28,2018-12-15
27,2018-12-16
26,2018-12-17
24,2018-12-18
24,2018-12-19
22,2018-12-20
24,2018-12-21
24,2018-12-22
24,2018-12-23
25,2018-12-24
26,2018-12-25
26,2018-12-26
25,2018-12-27
26,2018-12-28
24,2018-12-29
28,2018-12-30
38,2019-01-01
36,2019-01-02
34,2019-01-03
38,2019-01-04
40,2019-01-05
39,2019-01-06
38,2019-01-07
37,2019-01-08
39,2019-01-09
38,2019-01-10
38,2019-01-11
39,2019-01-12
42,2019-01-13
41,2019-01-14
39,2019-01-15
40,2019-01-16
42,2019-01-22
43,2019-01-23
46,2019-01-24
45,2019-01-27
45,2019-01-28
45,2019-01-29
53,2019-01-30
54,2019-01-31
54,2019-02-01
53,2019-02-02
53,2019-02-03
52,2019-02-04
54,2019-02-05
54,2019-02-06
53,2019-02-07
53,2019-02-08
54,2019-02-09
54,2019-02-10
59,2019-02-11
59,2019-02-12
58,2019-02-13
58,2019-02-14
64,2019-02-15
66,2019-02-16
63,2019-02-17
62,2019-02-18
69,2019-02-19
87,2019-02-20
82,2019-02-21
79,2019-02-22
76,2019-02-23
73,2019-02-24
70,2019-02-25
71,2019-02-26
70,2019-02-27
73,2019-02-28
71,2019-03-01
73,2019-03-02
73,2019-03-03
72,2019-03-04
72,2019-03-05
72,2019-03-06
71,2019-03-07
71,2019-03-08
75,2019-03-09
76,2019-03-10
75,2019-03-11
75,2019-03-12
74,2019-03-13
74,2019-03-14
75,2019-03-15
76,2019-03-16
76,2019-03-17
78,2019-03-18
90,2019-03-19
88,2019-03-20
86,2019-03-21
85,2019-03-22
88,2019-03-23
89,2019-03-24
88,2019-03-25
88,2019-03-26
87,2019-03-27
86,2019-03-28
85,2019-03-29
84,2019-03-30
83,2019-03-31
83,2019-04-01
82,2019-04-02
81,2019-04-03
85,2019-04-04
85,2019-04-05
84,2019-04-06
81,2019-04-07
83,2019-04-08
81,2019-04-09
82,2019-04-10
82,2019-04-11
81,2019-04-12
78,2019-04-13
75,2019-04-14
72,2019-04-15
70,2019-04-16
69,2019-04-17
69,2019-04-18
68,2019-04-19
66,2019-04-20
62,2019-04-21
55,2019-04-22
49,2019-04-23
42,2019-04-24
38,2019-04-25
35,2019-04-26
31,2019-04-27
30,2019-04-28
28,2019-04-29
25,2019-04-30
26,2019-05-01
27,2019-05-02
28,2019-05-03
27,2019-05-04
27,2019-05-05
25,2019-05-06
26,2019-05-07
34,2019-05-08
26,2019-05-09
23,2019-05-10
15,2019-05-11
8,2019-05-12
-1,2019-05-13
-1,2019-05-14
-1,2019-05-15
-1,2019-05-16
-1,2019-05-17
-1,2019-05-18
-1,2019-05-19
-1,2019-05-20
-1,2019-05-21
-1,2019-05-22
-1,2019-05-23
-1,2019-05-24
-1,2019-05-25
-1,2019-05-26
-1,2019-05-27
-1,2019-05-28
-1,2019-05-29
-1,2019-05-30
-1,2019-05-31
-1,2019-06-01
-1,2019-06-02
-1,2019-06-03
-1,2019-06-04
-1,2019-06-05
-1,2019-06-06
-1,2019-06-07
-1,2019-06-08
-1,2019-06-09
-1,2019-06-10
-1,2019-06-11
-1,2019-06-12
-1,2019-06-13
-1,2019-06-14
-1,2019-06-15
-1,2019-06-16
-1,2019-06-17
-1,2019-06-18
-1,2019-06-19
-1,2019-06-20
-1,2019-06-21
-1,2019-06-22
-1,2019-06-23
-1,2019-06-24
-1,2019-06-25
-1,2019-06-26
-1,2019-06-27
-1,2019-06-28
-1,2019-06-29
-1,2019-06-30
-1,2019-07-01
-1,2019-07-02
-1,2019-07-03
-1,2019-07-04
-1,2019-07-05
-1,2019-07-06
-1,2019-07-07
-1,2019-07-08
-1,2019-07-09
-1,2019-07-10
-1,2019-07-11
-1,2019-07-12
-1,2019-07-13
-1,2019-07-14
-1,2019-07-15
-1,2019-07-16
-1,2019-07-17
-1,2019-07-18
-1,2019-07-19
-1,2019-07-20
-1,2019-07-21
-1,2019-07-22
-1,2019-07-23
-1,2019-07-24
-1,2019-07-25
-1,2019-07-26
-1,2019-07-27
-1,2019-07-28
-1,2019-07-29
-1,2019-07-30
-1,2019-07-31
-1,2019-08-01
-1,2019-08-02
-1,2019-08-03
-1,2019-08-04
-1,2019-08-05
-1,2019-08-06
-1,2019-08-07
-1,2019-08-08
-1,2019-08-09
-1,2019-08-10
-1,2019-08-11
-1,2019-08-12
-1,2019-08-13
-1,2019-08-14
-1,2019-08-15
-1,2019-08-16
-1,2019-08-17
-1,2019-08-18
-1,2019-08-19
-1,2019-08-20
-1,2019-08-21
-1,2019-08-22
-1,2019-08-23
-1,2019-08-24
-1,2019-08-25
-1,2019-08-26
-1,2019-08-27
-1,2019-08-28
-1,2019-08-29
-1,2019-08-30
-1,2019-08-31
-1,2019-09-01
-1,2019-09-02
-1,2019-09-03
-1,2019-09-04
-1,2019-09-05
-1,2019-09-06
-1,2019-09-07
-1,2019-09-08
-1,2019-09-09
-1,2019-09-10
-1,2019-09-11
-1,2019-09-12
-1,2019-09-13
-1,2019-09-14
-1,2019-09-15
-1,2019-09-16
-1,2019-09-17
-1,2019-09-18
-1,2019-09-19
-1,2019-09-20
-1,2019-09-21
-1,2019-09-22
-1,2019-09-23
-1,2019-09-24
-1,2019-09-25
-1,2019-09-26
-1,2019-09-27
-1,2019-09-28
-1,2019-09-29
-1,2019-09-30
-1,2019-10-01
-1,2019-10-02
-1,2019-10-03
-1,2019-10-04
-1,2019-10-05
-1,2019-10-06
-1,2019-10-07
-1,2019-10-08
-1,2019-10-09
-1,2019-10-10
-1,2019-10-11
-1,2019-10-12
-1,2019-10-13
12,2019-10-14
13,2019-10-15
13,2019-10-16
11,2019-10-17
10,2019-10-18
19,2019-10-19
17,2019-10-20
15,2019-10-21
15,2019-10-22
19,2019-10-23
18,2019-10-24
22,2019-10-25
29,2019-10-26
29,2019-10-27
27,2019-10-28
29,2019-10-29
27,2019-10-30
27,2019-10-31
27,2019-11-01
27,2019-11-02
40,2019-11-03
37,2019-11-04
36,2019-11-05
35,2019-11-06
34,2019-11-07
34,2019-11-08
35,2019-11-09
36,2019-11-10
36,2019-11-11
35,2019-11-12
35,2019-11-13
37,2019-11-14
39,2019-11-15
36,2019-11-16
35,2019-11-17
34,2019-11-18
36,2019-11-19
36,2019-11-20
36,2019-11-21
35,2019-11-22
35,2019-11-23
35,2019-11-24
37,2019-11-25
37,2019-11-26
38,2019-11-27
36,2019-11-28
49,2019-11-29
49,2019-11-30
49,2019-12-01
55,2019-12-02
54,2019-12-03
54,2019-12-04
56,2019-12-05
54,2019-12-06
53,2019-12-07
54,2019-12-08
53,2019-12-09
53,2019-12-10
52,2019-12-11
52,2019-12-12
53,2019-12-13
54,2019-12-14
52,2019-12-15
52,2019-12-16
59,2019-12-17
65,2019-12-18
66,2019-12-19
64,2019-12-20
64,2019-12-21
69,2019-12-22
74,2019-12-23
75,2019-12-24
73,2019-12-25
72,2019-12-26
70,2019-12-27
69,2019-12-28
65,2019-12-29
68,2019-12-30
73,2019-12-31
71,2020-01-01
73,2020-01-02
74,2020-01-03
72,2020-01-04
73,2020-01-05
72,2020-01-06
73,2020-01-07
75,2020-01-08
77,2020-01-09
76,2020-01-10
75,2020-01-11
78,2020-01-12
77,2020-01-13
77,2020-01-14
83,2020-01-15
82,2020-01-16
83,2020-01-17
82,2020-01-18
82,2020-01-19
82,2020-01-20
83,2020-01-21
84,2020-01-22
83,2020-01-23
87,2020-01-24
90,2020-01-25
89,2020-01-26
88,2020-01-27
87,2020-01-28
87,2020-01-29
87,2020-01-30
83,2020-01-31
97,2020-02-01
96,2020-02-02
99,2020-02-03
97,2020-02-04
97,2020-02-05
97,2020-02-06
96,2020-02-07
98,2020-02-08
98,2020-02-09
99,2020-02-10
102,2020-02-11
102,2020-02-12
102,2020-02-13
100,2020-02-14
100,2020-02-15
102,2020-02-16
107,2020-02-17
107,2020-02-18
106,2020-02-19
105,2020-02-20
104,2020-02-21
103,2020-02-22
102,2020-02-23
102,2020-02-24
116,2020-02-25
114,2020-02-26
113,2020-02-27
111,2020-02-28
110,2020-02-29
109,2020-03-01
107,2020-03-02
107,2020-03-03
106,2020-03-04
107,2020-03-05
113,2020-03-06
112,2020-03-07
110,2020-03-08
114,2020-03-09
110,2020-03-10
109,2020-03-11
111,2020-03-12
125,2020-03-13
118,2020-03-14
116,2020-03-15
119,2020-03-16
117,2020-03-17
118,2020-03-18
117,2020-03-19
116,2020-03-20
115,2020-03-21
114,2020-03-22
113,2020-03-23
112,2020-03-24
110,2020-03-25
108,2020-03-26
108,2020-03-27
109,2020-03-28
110,2020-03-29
109,2020-03-30
109,2020-03-31
120,2020-04-01
118,2020-04-02
116,2020-04-03
115,2020-04-04
114,2020-04-05
114,2020-04-06
114,2020-04-07
113,2020-04-08
110,2020-04-09
109,2020-04-10
111,2020-04-11
110,2020-04-12
116,2020-04-13
116,2020-04-14
121,2020-04-15
119,2020-04-16
123,2020-04-17
138,2020-04-18
137,2020-04-19
127,2020-04-20
119,2020-04-21
116,2020-04-22
114,2020-04-23
114,2020-04-24
114,2020-04-25
117,2020-04-26
115,2020-04-27
116,2020-04-28
114,2020-04-29
114,2020-04-30
113,2020-05-01
112,2020-05-02
110,2020-05-03
111,2020-05-04
109,2020-05-05
104,2020-05-06
101,2020-05-07
98,2020-05-08
96,2020-05-09
95,2020-05-10
96,2020-05-11
98,2020-05-12
96,2020-05-13
95,2020-05-14
96,2020-05-15
95,2020-05-16
92,2020-05-17
90,2020-05-18
87,2020-05-19
86,2020-05-20
83,2020-05-21
80,2020-05-22
73,2020-05-23
65,2020-05-24
57,2020-05-25
50,2020-05-26
42,2020-05-27
33,2020-05-28
26,2020-05-29
22,2020-05-30
14,2020-05-31
10,2020-06-01
-1,2020-06-02
-1,2020-06-03
-1,2020-06-04
-1,2020-06-05
-1,2020-06-06
-1,2020-06-07
-1,2020-06-08
-1,2020-06-09
-1,2020-06-10
-1,2020-06-11
-1,2020-06-12
-1,2020-06-13
-1,2020-06-14
-1,2020-06-15
-1,2020-06-16
-1,2020-06-17
-1,2020-06-18
-1,2020-06-19
-1,2020-06-20
-1,2020-06-21
-1,2020-06-22
-1,2020-06-23
-1,2020-06-24
-1,2020-06-25
-1,2020-06-26
-1,2020-06-27
-1,2020-06-28
-1,2020-06-29
-1,2020-06-30
-1,2020-07-01
-1,2020-07-02
-1,2020-07-03
-1,2020-07-04
-1,2020-07-05
-1,2020-07-06
-1,2020-07-07
-1,2020-07-08
-1,2020-07-09
-1,2020-07-10
-1,2020-07-11
-1,2020-07-12
-1,2020-07-13
-1,2020-07-14
-1,2020-07-15
-1,2020-07-16
-1,2020-07-17
-1,2020-07-18
-1,2020-07-19
-1,2020-07-20
-1,2020-07-21
-1,2020-07-22
-1,2020-07-23
-1,2020-07-24
-1,2020-07-25
-1,2020-07-26
-1,2020-07-27
-1,2020-07-28
-1,2020-07-29
-1,2020-07-30
-1,2020-07-31
-1,2020-08-01
-1,2020-08-02
-1,2020-08-03
-,2020-08-04
-1,2020-08-05
-1,2020-08-06
-1,2020-08-07
-1,2020-08-08
-1,2020-08-09
-1,2020-08-10
-1,2020-08-11
-1,2020-08-12
-1,2020-08-13
-1,2020-08-14
-1,2020-08-15
-1,2020-08-16
-1,2020-08-17
-1,2020-08-18
-1,2020-08-19
-1,2020-08-20
-1,2020-08-21
-1,2020-08-22
-1,2020-08-23
-1,2020-08-24
-1,2020-08-25
-1,2020-08-26
-1,2020-08-27
-1,2020-08-28
-1,2020-08-29
-1,2020-08-30
-1,2020-08-31
-1,2020-09-01
-1,2020-09-02
-1,2020-09-03
-1,2020-09-04
-1,2020-09-05
-1,2020-09-06
-1,2020-09-07
-1,2020-09-08
-1,2020-09-09
-1,2020-09-10
-1,2020-09-11
-1,2020-09-12
-1,2020-09-13
-1,2020-09-14
-1,2020-09-15
-1,2020-09-16
-1,2020-09-17
-1,2020-09-18
-1,2020-09-19
-1,2020-09-20
-1,2020-09-21
-,2020-09-22
-,2020-09-23
-1,2020-09-24
-1,2020-09-25
-1,2020-09-26
-1,2020-09-27
-1,2020-09-28
-1,2020-09-29
-1,2020-09-30
-1,2020-10-01
-1,2020-10-02
-1,2020-10-03
-1,2020-10-04
-1,2020-10-05
-1,2020-10-06
-1,2020-10-07
-1,2020-10-08
-1,2020-10-09
-1,2020-10-10
-1,2020-10-11
-1,2020-10-12
-1,2020-10-13
-1,2020-10-14
-1,2020-10-15
-1,2020-10-16
5,2020-10-17
4,2020-10-18
4,2020-10-19
5,2020-10-20
5,2020-10-21
5,2020-10-22
15,2020-10-23
17,2020-10-24
16,2020-10-25
17,2020-10-26
13,2020-10-27
6,2020-10-28
3,2020-10-29
2,2020-10-30
2,2020-10-31
2,2020-11-01
-1,2020-11-02
-1,2020-11-03
-1,2020-11-04
-1,2020-11-05
6,2020-11-06
5,2020-11-07
5,2020-11-08
6,2020-11-09
6,2020-11-10
6,2020-11-11
6,2020-11-12
7,2020-11-13
5,2020-11-14
2,2020-11-15
-1,2020-11-16
-1,2020-11-17
-1,2020-11-18
-1,2020-11-19
3,2020-11-20
3,2020-11-21
6,2020-11-22
13,2020-11-23
14,2020-11-24
12,2020-11-25
12,2020-11-26
13,2020-11-27
12,2020-11-28
11,2020-11-29
10,2020-11-30
11,2020-12-01
14,2020-12-02
13,2020-12-03
12,2020-12-04
12,2020-12-05
13,2020-12-06
18,2020-12-07
18,2020-12-08
18,2020-12-09
18,2020-12-10
19,2020-12-11
18,2020-12-12
18,2020-12-13
17,2020-12-14
18,2020-12-15
18,2020-12-16
21,2020-12-17
21,2020-12-18
23,2020-12-19
26,2020-12-20
26,2020-12-21
26,2020-12-22
26,2020-12-23
30,2020-12-24
30,2020-12-25
29,2020-12-26
28,2020-12-27
29,2020-12-28
29,2020-12-29
28,2020-12-30
27,2020-12-31
27,2021-01-01
27,2021-01-02
28,2021-01-03
28,2021-01-04
28,2021-01-05
27,2021-01-06
28,2021-01-07
28,2021-01-08
29,2021-01-09
29,2021-01-10
30,2021-01-11
29,2021-01-12
29,2021-01-13
28,2021-01-14
29,2021-01-15
31,2021-01-16
31,2021-01-17
31,2021-01-18
31,2021-01-19
30,2021-01-20
30,2021-01-21
30,2021-01-22
33,2021-01-23
39,2021-01-24
40,2021-01-25
39,2021-01-26
44,2021-01-27
47,2021-01-28
57,2021-01-29
55,2021-01-30
56,2021-01-31
55,2021-02-01
56,2021-02-02
54,2021-02-03
53,2021-02-04
60,2021-02-05
61,2021-02-06
58,2021-02-07
56,2021-02-08
54,2021-02-09
55,2021-02-10
54,2021-02-11
52,2021-02-12
59,2021-02-13
58,2021-02-14
62,2021-02-15
64,2021-02-16
61,2021-02-17
61,2021-02-18
59,2021-02-19
58,2021-02-20
58,2021-02-21
58,2021-02-22
59,2021-02-23
61,2021-02-24
62,2021-02-25
61,2021-02-26
61,2021-02-27
62,2021-02-28
62,2021-03-01
61,2021-03-02
61,2021-03-03
62,2021-03-04
61,2021-03-05
63,2021-03-06
67,2021-03-07
67,2021-03-08
68,2021-03-09
68,2021-03-10
66,2021-03-11
63,2021-03-12
63,2021-03-13
64,2021-03-14
64,2021-03-15
64,2021-03-16
63,2021-03-17
64,2021-03-18
63,2021-03-19
61,2021-03-20
65,2021-03-21
64,2021-03-22
64,2021-03-23
63,2021-03-24
62,2021-03-25
60,2021-03-26
60,2021-03-27
57,2021-03-28
54,2021-03-29
56,2021-03-30
56,2021-03-31
62,2021-04-01
58,2021-04-02
60,2021-04-03
60,2021-04-04
58,2021-04-05
61,2021-04-06
61,2021-04-07
60,2021-04-08
60,2021-04-09
61,2021-04-10
64,2021-04-11
64,2021-04-12
63,2021-04-13
72,2021-04-14
65,2021-04-15
62,2021-04-16
59,2021-04-17
56,2021-04-18
53,2021-04-19
45,2021-04-20
39,2021-04-21
37,2021-04-22
38,2021-04-23
37,2021-04-24
51,2021-04-25
48,2021-04-26
44,2021-04-27
44,2021-04-28
46,2021-04-29
48,2021-04-30
55,2021-05-01
57,2021-05-02
52,2021-05-03
48,2021-05-04
47,2021-05-05
46,2021-05-06
47,2021-05-07
58,2021-05-08
50,2021-05-09
48,2021-05-10
45,2021-05-11
41,2021-05-12
34,2021-05-13
31,2021-05-14
32,2021-05-15
30,2021-05-16
26,2021-05-17
17,2021-05-18
10,2021-05-19
-1,2021-05-20
-1,2021-05-21
12,2021-05-22
13,2021-05-23
12,2021-05-24
7,2021-05-25
4,2021-05-26
-1,2021-05-27
-1,2021-05-28
-1,2021-05-29
-1,2021-05-30
-1,2021-05-31
-1,2021-06-01
-1,2021-06-02
-1,2021-06-03
-1,2021-06-04
-1,2021-06-05
-1,2021-06-06
-1,2021-06-07
-1,2021-06-08
-1,2021-06-09
-1,2021-06-10
-1,2021-06-11
-1,2021-06-12
-1,2021-06-13
-1,2021-06-14
-1,2021-06-15
-1,2021-06-16
-1,2021-06-17
-1,2021-06-18
-1,2021-06-19
-1,2021-06-20
-1,2021-06-21
-1,2021-06-22
-1,2021-06-23
-1,2021-06-24
-1,2021-06-25
-1,2021-06-26
-1,2021-06-27
-1,2021-06-28
-1,2021-06-29
-1,2021-06-30
-1,2021-07-01
-1,2021-07-02
-1,2021-07-03
-1,2021-07-04
-1,2021-07-05
-1,2021-07-06
-1,2021-07-07
-1,2021-07-08
-1,2021-07-09
-1,2021-07-10
-1,2021-07-11
-1,2021-07-12
-1,2021-07-13
-1,2021-07-14
-1,2021-07-15
-1,2021-07-16
-1,2021-07-17
-1,2021-07-18
-1,2021-07-19
-1,2021-07-20
-1,2021-07-21
-1,2021-07-22
-1,2021-07-23
-1,2021-07-24
-1,2021-07-25
-1,2021-07-26
-1,2021-07-27
-1,2021-07-28
-1,2021-07-29
-1,2021-07-30
-1,2021-07-31
-1,2021-08-01
-1,2021-08-02
-1,2021-08-03
-1,2021-08-04
-1,2021-08-05
-1,2021-08-06
-1,2021-08-07
-1,2021-08-08
-1,2021-08-09
-1,2021-08-10
-1,2021-08-11
-1,2021-08-12
-1,2021-08-13
-1,2021-08-14
-1,2021-08-15
-1,2021-08-16
-1,2021-08-17
-1,2021-08-18
-1,2021-08-19
-1,2021-08-20
-1,2021-08-21
-1,2021-08-22
-1,2021-08-23
-1,2021-08-24
-1,2021-08-25
-1,2021-08-26
-1,2021-08-27
-1,2021-08-28
-1,2021-08-29
-1,2021-08-30
-1,2021-08-31
-1,2021-09-01
-1,2021-09-02
-1,2021-09-03
-1,2021-09-04
-1,2021-09-05
-1,2021-09-06
-1,2021-09-07
-1,2021-09-08
-1,2021-09-09
-1,2021-09-10
-1,2021-09-11
-1,2021-09-12
-1,2021-09-13
-1,2021-09-14
-1,2021-09-15
-1,2021-09-16
-1,2021-09-17
-1,2021-09-18
-1,2021-09-19
-1,2021-09-20
-1,2021-09-21
-1,2021-09-22
-1,2021-09-23
-1,2021-09-24
-1,2021-09-25
-1,2021-09-26
-1,2021-09-27
-1,2021-09-28
-1,2021-09-29
-1,2021-09-30
-1,2021-10-01
-1,2021-10-02
-1,2021-10-03
-1,2021-10-04
-1,2021-10-05
-1,2021-10-06
-1,2021-10-07
-1,2021-10-08
5,2021-10-09
-1,2021-10-10
-1,2021-10-11
-1,2021-10-12
-1,2021-10-13
-1,2021-10-14
4,2021-10-15
12,2021-10-16
25,2021-10-17
22,2021-10-18
23,2021-10-19
23,2021-10-20
27,2021-10-21
26,2021-10-22
26,2021-10-23
26,2021-10-24
26,2021-10-25
34,2021-10-26
40,2021-10-27
38,2021-10-28
38,2021-10-29
35,2021-10-30
39,2021-10-31
38,2021-11-01
31,2021-11-02
20,2021-11-03
15,2021-11-04
14,2021-11-05
16,2021-11-06
19,2021-11-07
19,2021-11-08
18,2021-11-09
20,2021-11-10
20,2021-11-11
20,2021-11-12
20,2021-11-13
20,2021-11-14
20,2021-11-15
23,2021-11-16
23,2021-11-17
23,2021-11-18
25,2021-11-19
26,2021-11-20
31,2021-11-21
30,2021-11-22
29,2021-11-23
31,2021-11-24
33,2021-11-25
35,2021-11-26
31,2021-11-27
34,2021-11-28
34,2021-11-29
37,2021-11-30
36,2021-12-01
41,2021-12-02
43,2021-12-03
42,2021-12-04
41,2021-12-05
41,2021-12-06
40,2021-12-07
42,2021-12-08
41,2021-12-09
44,2021-12-10
45,2021-12-11
44,2021-12-12
44,2021-12-13
45,2021-12-14
44,2021-12-15
46,2021-12-16
46,2021-12-17
47,2021-12-18
49,2021-12-19
49,2021-12-20
47,2021-12-21
47,2021-12-22
51,2021-12-23
52,2021-12-24
53,2021-12-25
52,2021-12-26
51,2021-12-27
47,2021-12-28
52,2021-12-29
56,2021-12-30
56,2021-12-31
56,2022-01-01
55,2022-01-02
53,2022-01-03
54,2022-01-04
55,2022-01-05
56,2022-01-06
56,2022-01-07
56,2022-01-08
55,2022-01-09
55,2022-01-10
57,2022-01-11
56,2022-01-12
58,2022-01-13
58,2022-01-14
60,2022-01-15
66,2022-01-16
75,2022-01-17
72,2022-01-18
74,2022-01-19
75,2022-01-20
75,2022-01-21
74,2022-01-22
75,2022-01-23
74,2022-01-24
73,2022-01-25
71,2022-01-26
70,2022-01-27
71,2022-01-28
79,2022-01-29
79,2022-01-30
78,2022-01-31
77,2022-02-01
76,2022-02-02
75,2022-02-03
77,2022-02-04
98,2022-02-05
93,2022-02-06
89,2022-02-07
88,2022-02-08
86,2022-02-09
86,2022-02-10
86,2022-02-11
87,2022-02-12
85,2022-02-13
94,2022-02-14
93,2022-02-15
92,2022-02-16
90,2022-02-17
93,2022-02-18
91,2022-02-19
90,2022-02-20
90,2022-02-21
89,2022-02-22
89,2022-02-23
95,2022-02-24
96,2022-02-25
96,2022-02-26
98,2022-02-27
96,2022-02-28
95,2022-03-01
99,2022-03-02
100,2022-03-03
99,2022-03-04
99,2022-03-05
99,2022-03-06
98,2022-03-07
101,2022-03-08
100,2022-03-09
100,2022-03-10
99,2022-03-11
99,2022-03-12
98,2022-03-13
97,2022-03-14
96,2022-03-15
96,2022-03-16
95,2022-03-17
94,2022-03-18
94,2022-03-19
93,2022-03-20
90,2022-03-21
88,2022-03-22
88,2022-03-23
89,2022-03-24
89,2022-03-25
89,2022-03-26
88,2022-03-27
88,2022-03-28
89,2022-03-29
91,2022-03-30
93,2022-03-31
92,2022-04-01
92,2022-04-02
96,2022-04-03
98,2022-04-04
99,2022-04-05
103,2022-04-06
102,2022-04-07
99,2022-04-08
102,2022-04-09
103,2022-04-10
108,2022-04-11
106,2022-04-12
102,2022-04-13
103,2022-04-14
102,2022-04-15
101,2022-04-16
100,2022-04-17
94,2022-04-18
91,2022-04-19
87,2022-04-20
83,2022-04-21
80,2022-04-22
78,2022-04-23
76,2022-04-24
73,2022-04-25
70,2022-04-26
70,2022-04-27
70,2022-04-28
69,2022-04-29
69,2022-04-30
69,2022-05-01
69,2022-05-02
80,2022-05-03
81,2022-05-04
79,2022-05-05
76,2022-05-06
72,2022-05-07
68,2022-05-08
66,2022-05-09
62,2022-05-10
57,2022-05-11
53,2022-05-12
47,2022-05-13
43,2022-05-14
36,2022-05-15
30,2022-05-16
28,2022-05-17
27,2022-05-18
25,2022-05-19
22,2022-05-20
15,2022-05-21
7,2022-05-22
-1,2022-05-23
-1,2022-05-24
-1,2022-05-25
-1,2022-05-26
-1,2022-05-27
-1,2022-05-28
-1,2022-05-29
-1,2022-05-30
-1,2022-05-31
-1,2022-06-01
-1,2022-06-02
-1,2022-06-03
-1,2022-06-04
-1,2022-06-05
-1,2022-06-06
-1,2022-06-07
-1,2022-06-08
-1,2022-06-09
-1,2022-06-10
-1,2022-06-11
-1,2022-06-12
-1,2022-06-13
-1,2022-06-14
-1,2022-06-15
-1,2022-06-16
-1,2022-06-17
-1,2022-06-18
-1,2022-06-19
-1,2022-06-20
-1,2022-06-21
-1,2022-06-22
-1,2022-06-23
-1,2022-06-24
-1,2022-06-25
-1,2022-06-26
-1,2022-06-27
-1,2022-06-28
-1,2022-06-29
-1,2022-06-30
-1,2022-07-01
-,2022-07-02
-1,2022-07-03
-,2022-07-04
-,2022-07-05
-1,2022-07-06
-1,2022-07-07
-1,2022-07-08
-1,2022-07-09
-1,2022-07-10
-1,2022-07-11
-1,2022-07-12
-,2022-07-13
-1,2022-07-14
-1,2022-07-15
-1,2022-07-16
-1,2022-07-17
-1,2022-07-18
-1,2022-07-19
-1,2022-07-20
-1,2022-07-21
-1,2022-07-22
-1,2022-07-23
-1,2022-07-24
-1,2022-07-25
-1,2022-07-26
-1,2022-07-27
-1,2022-07-28
-1,2022-07-29
-1,2022-07-30
-1,2022-07-31
-1,2022-08-01
-1,2022-08-02
-1,2022-08-03
-1,2022-08-04
-1,2022-08-05
-1,2022-08-06
-1,2022-08-07
-1,2022-08-08
-1,2022-08-09
-1,2022-08-10
-1,2022-08-11
-1,2022-08-12
-1,2022-08-13
-1,2022-08-14
-1,2022-08-15
-1,2022-08-16
-1,2022-08-17
-1,2022-08-18
-1,2022-08-19
-1,2022-08-20
-1,2022-08-21
-1,2022-08-22
-1,2022-08-23
-1,2022-08-24
-1,2022-08-25
-1,2022-08-26
-1,2022-08-27
-1,2022-08-28
-1,2022-08-29
-1,2022-08-30
-1,2022-08-31
-1,2022-09-01
-1,2022-09-02
-1,2022-09-03
-1,2022-09-04
-1,2022-09-05
-1,2022-09-06
-1,2022-09-07
-1,2022-09-08
-1,2022-09-09
-1,2022-09-10
-1,2022-09-11
-1,2022-09-12
-1,2022-09-13
-1,2022-09-14
-1,2022-09-15
-1,2022-09-16
-1,2022-09-17
-1,2022-09-18
-1,2022-09-19
-1,2022-09-20
-1,2022-09-21
-1,2022-09-22
-1,2022-09-23
-1,2022-09-24
-1,2022-09-25
-1,2022-09-26
-1,2022-09-27
-1,2022-09-28
-1,2022-09-29
-1,2022-09-30
-1,2022-10-01
-1,2022-10-02
-1,2022-10-03
-1,2022-10-04
-1,2022-10-05
-1,2022-10-06
-1,2022-10-07
-1,2022-10-08
-1,2022-10-09
-1,2022-10-10
-1,2022-10-11
-1,2022-10-12
-1,2022-10-13
-1,2022-10-14
-1,2022-10-15
-1,2022-10-16
-1,2022-10-17
-1,2022-10-18
-1,2022-10-19
2,2022-10-20
3,2022-10-21
6,2022-10-22
7,2022-10-23
7,2022-10-24
7,2022-10-25
9,2022-10-26
9,2022-10-27
11,2022-10-28
10,2022-10-29
14,2022-10-30
14,2022-10-31
13,2022-11-01
14,2022-11-02
14,2022-11-03
14,2022-11-04
9,2022-11-05
7,2022-11-06
10,2022-11-07
11,2022-11-08
11,2022-11-09
11,2022-11-10
11,2022-11-11
16,2022-11-12
16,2022-11-13
15,2022-11-14
15,2022-11-15
15,2022-11-16
15,2022-11-17
15,2022-11-18
15,2022-11-19
15,2022-11-20
15,2022-11-21
15,2022-11-22
16,2022-11-23
17,2022-11-24
17,2022-11-25
17,2022-11-26
17,2022-11-27
17,2022-11-28
18,2022-11-29
18,2022-11-30
19,2022-12-01
19,2022-12-02
19,2022-12-03
19,2022-12-04
20,2022-12-05
24,2022-12-06
26,2022-12-07
25,2022-12-08
25,2022-12-09
28,2022-12-10
27,2022-12-11
27,2022-12-12
27,2022-12-13
31,2022-12-14
31,2022-12-15
32,2022-12-16
32,2022-12-17
32,2022-12-18
32,2022-12-19
31,2022-12-20
37,2022-12-21
37,2022-12-22
39,2022-12-23
39,2022-12-24
39,2022-12-25
39,2022-12-26
43,2022-12-27
44,2022-12-28
44,2022-12-29
43,2022-12-30
41,2022-12-31
41,2023-01-01
46,2023-01-02
46,2023-01-03
44,2023-01-04
43,2023-01-05
42,2023-01-06
42,2023-01-07
43,2023-01-08
39,2023-01-09
39,2023-01-10
39,2023-01-11
42,2023-01-12
45,2023-01-13
47,2023-01-14
46,2023-01-15
50,2023-01-16
54,2023-01-17
52,2023-01-18
56,2023-01-19
55,2023-01-20
54,2023-01-21
53,2023-01-22
52,2023-01-23
51,2023-01-24
53,2023-01-25
53,2023-01-26
52,2023-01-27
53,2023-01-28
57,2023-01-29
56,2023-01-30
55,2023-01-31
56,2023-02-01
58,2023-02-02
57,2023-02-03
57,2023-02-04
57,2023-02-05
58,2023-02-06
59,2023-02-07
58,2023-02-08
58,2023-02-09
57,2023-02-10
56,2023-02-11
56,2023-02-12
59,2023-02-13
60,2023-02-14
60,2023-02-15
62,2023-02-16
61,2023-02-17
61,2023-02-18
62,2023-02-19
66,2023-02-20
65,2023-02-21
65,2023-02-22
65,2023-02-23
67,2023-02-24
68,2023-02-25
67,2023-02-26
67,2023-02-27
64,2023-02-28
63,2023-03-01
66,2023-03-02
65,2023-03-03
67,2023-03-04
68,2023-03-05
68,2023-03-06
68,2023-03-07
68,2023-03-08
68,2023-03-09
68,2023-03-10
68,2023-03-11
68,2023-03-12
68,2023-03-13
68,2023-03-14
85,2023-03-15
93,2023-03-16
90,2023-03-17
87,2023-03-18
88,2023-03-19
89,2023-03-20
90,2023-03-21
89,2023-03-22
85,2023-03-23
85,2023-03-24
85,2023-03-25
83,2023-03-26
83,2023-03-27
82,2023-03-28
82,2023-03-29
88,2023-03-30
88,2023-03-31
87,2023-04-01
86,2023-04-02
85,2023-04-03
83,2023-04-04
82,2023-04-05
82,2023-04-06
80,2023-04-07
76,2023-04-08
73,2023-04-09
70,2023-04-10
69,2023-04-11
68,2023-04-12
68,2023-04-13
67,2023-04-14
67,2023-04-15
67,2023-04-16
67,2023-04-17
64,2023-04-18
61,2023-04-19
53,2023-04-20
48,2023-04-21
46,2023-04-22
44,2023-04-23
44,2023-04-24
45,2023-04-25
45,2023-04-26
48,2023-04-27
42,2023-04-28
40,2023-04-29
44,2023-04-30
42,2023-05-01
40,2023-05-02
40,2023-05-03
41,2023-05-04
38,2023-05-05
40,2023-05-06
38,2023-05-07
34,2023-05-08
30,2023-05-09
25,2023-05-10
18,2023-05-11
10,2023-05-12
-1,2023-05-13
-1,2023-05-14
-1,2023-05-15
-1,2023-05-16
-1,2023-05-17
-1,2023-05-18
-1,2023-05-19
-1,2023-05-20
-1,2023-05-21
-1,2023-05-22
-1,2023-05-23
-1,2023-05-24
-1,2023-05-25
-1,2023-05-26
-1,2023-05-27
-1,2023-05-28
-1,2023-05-29
-1,2023-05-30
-1,2023-05-31
-1,2023-06-01
-1,2023-06-02
-1,2023-06-03
-1,2023-06-04
-1,2023-06-05
-1,2023-06-06
-1,2023-06-07
-1,2023-06-08
-1,2023-06-09
-1,2023-06-10
-1,2023-06-11
-1,2023-06-12
-1,2023-06-13
-1,2023-06-14
-1,2023-06-15
-1,2023-06-16
-1,2023-06-17
-1,2023-06-18
-1,2023-06-19
-,2023-06-20
-1,2023-06-21
-1,2023-06-22
-1,2023-06-23
-,2023-06-24
-,2023-06-25
-1,2023-06-26
-1,2023-06-27
-,2023-06-28
-1,2023-06-29
-1,2023-06-30
-1,2023-07-01
-1,2023-07-02
-1,2023-07-03
-1,2023-07-04
-1,2023-07-05
-1,2023-07-06
-1,2023-07-07
-1,2023-07-08
-1,2023-07-09
-1,2023-07-10
-,2023-07-11
-,2023-07-12
-,2023-07-13
-,2023-07-14
-,2023-07-15
-,2023-07-16
-,2023-07-17
-1,2023-07-18
-,2023-07-19
-1,2023-07-20
-1,2023-07-21
-1,2023-07-22
-1,2023-07-23
-1,2023-07-24
-1,2023-07-25
-1,2023-07-26
-,2023-07-27
-,2023-07-28
-1,2023-07-29
-1,2023-07-30
-1,2023-07-31
-1,2023-08-01
-1,2023-08-02
-,2023-08-03
-1,2023-08-04
-,2023-08-05
-1,2023-08-06
-1,2023-08-07
-1,2023-08-08
-1,2023-08-09
-1,2023-08-10
-1,2023-08-11
-1,2023-08-12
-1,2023-08-13
-1,2023-08-14
-1,2023-08-15
-1,2023-08-16
-1,2023-08-17
-1,2023-08-18
-1,2023-08-19
-1,2023-08-20
-1,2023-08-21
-1,2023-08-22
-1,2023-08-23
-1,2023-08-24
-1,2023-08-25
-1,2023-08-26
-1,2023-08-27
-,2023-08-28
-1,2023-08-29
-1,2023-08-30
-,2023-08-31
-1,2023-09-01
-1,2023-09-02
-1,2023-09-03
-1,2023-09-04
-1,2023-09-05
-1,2023-09-06
-1,2023-09-07
-1,2023-09-08
-1,2023-09-09
-1,2023-09-10
-1,2023-09-11
-1,2023-09-12
-1,2023-09-13
-1,2023-09-14
-1,2023-09-15
-1,2023-09-16
-1,2023-09-17
-1,2023-09-18
-1,2023-09-19
21,2023-09-20
11,2023-09-21
5,2023-09-22
-1,2023-09-23
-1,2023-09-24
-1,2023-09-25
-1,2023-09-26
-1,2023-09-27
-1,2023-09-28
-1,2023-09-29
-1,2023-09-30
-1,2023-10-01
-1,2023-10-02
-1,2023-10-03
-1,2023-10-04
-1,2023-10-05
-1,2023-10-06
-1,2023-10-07
-1,2023-10-08
-1,2023-10-09
-1,2023-10-10
-1,2023-10-11
5,2023-10-12
4,2023-10-13
4,2023-10-14
21,2023-10-15
29,2023-10-16
24,2023-10-17
23,2023-10-18
23,2023-10-19
22,2023-10-20
19,2023-10-21
22,2023-10-22
21,2023-10-23
21,2023-10-24
22,2023-10-25
22,2023-10-26
20,2023-10-27
24,2023-10-28
24,2023-10-29
28,2023-10-30
28,2023-10-31
28,2023-11-01
28,2023-11-02
28,2023-11-03
27,2023-11-04
28,2023-11-05
29,2023-11-06
29,2023-11-07
31,2023-11-08
31,2023-11-09
34,2023-11-10
33,2023-11-11
32,2023-11-12
32,2023-11-13
34,2023-11-14
33,2023-11-15
33,2023-11-16
32,2023-11-17
32,2023-11-18
32,2023-11-19
32,2023-11-20
32,2023-11-21
32,2023-11-22
34,2023-11-23
37,2023-11-24
38,2023-11-25
42,2023-11-26
43,2023-11-27
41,2023-11-28
41,2023-11-29
45,2023-11-30
46,2023-12-01
46,2023-12-02
47,2023-12-03
46,2023-12-04
48,2023-12-05
49,2023-12-06
49,2023-12-07
49,2023-12-08
55,2023-12-09
53,2023-12-10
53,2023-12-11
51,2023-12-12
53,2023-12-13
52,2023-12-14
51,2023-12-15
54,2023-12-16
58,2023-12-17
57,2023-12-18
56,2023-12-19
55,2023-12-20
54,2023-12-21
53,2023-12-22
53,2023-12-23
58,2023-12-24
58,2023-12-25
59,2023-12-26
59,2023-12-27
58,2023-12-28
58,2023-12-29
58,2023-12-30
58,2023-12-31
58,2024-01-01